#doc name topic proportion ...
0	doc001A-dynamical-model-of-saccade-generation-in-reading-based-on-spatially-distributed-lexical-processing	4	0.6334913112164297	2	0.18515007898894154	9	0.12417061611374408	6	0.01406003159557662	3	0.012954186413902054	1	0.010900473933649289	5	0.008688783570300158	8	0.004581358609794629	7	0.0039494470774091624	0	0.0020537124802527647	
1	doc002A-FeatureIntegration-Theory-of-Attention	3	0.4314397649363369	6	0.29774730656219395	9	0.19307051909892262	4	0.01677277179236043	1	0.016160626836434867	5	0.015670910871694418	0	0.013222331047992164	7	0.009549461312438785	2	0.0034280117531831538	8	0.002938295788442703	
2	doc003A-longitudinal-investigation-of-visual-event-related-potentials-in-the-first-year-of-life	0	0.5020080321285141	8	0.10843373493975904	2	0.07228915662650602	5	0.06827309236947791	9	0.0642570281124498	7	0.0642570281124498	6	0.03614457831325301	3	0.0321285140562249	4	0.028112449799196786	1	0.024096385542168676	
3	doc004A-MetaAnalysis-Investigating-Factors-Underlying-Attrition-Rates-in-Infant-ERP-Studies	0	0.8287485868932205	9	0.05871672775855572	6	0.04354081737521839	5	0.020931108903429137	8	0.010482683018738653	2	0.009934568873968003	1	0.008632797780137714	7	0.008050426501318899	4	0.007673598026789079	3	0.0032886848686238907	
4	doc005A-model-of-saccade-generation-based-on-parallel-processing-and-competitive-inhibition	2	0.6462482984693169	9	0.09756368586271078	6	0.09078534322304636	4	0.08411812095452399	3	0.04022557435341834	1	0.02286301636247465	5	0.008500708392366031	7	0.005472678278745451	8	0.0033613912270466983	0	8.61182876350807E-4	
5	doc006A-Model-of-Saccade-Initiation-Based-on-the-Competitive-Integration-of-Exogenous-and-Endogenous-Signals-in-the-Superior-Colliculus	2	0.7416512059369202	9	0.14826839826839827	3	0.038033395176252316	6	0.031076066790352505	8	0.00943104514533086	1	0.00927643784786642	4	0.007730364873222016	5	0.006957328385899814	0	0.005256648113790971	7	0.002319109461966605	
6	doc007A-neurobiological-model-of-visual-attention-and-invariant-pattern-recognition-based-on-dynamic-routing-of-information	2	0.596139927623643	9	0.16079613992762365	6	0.10458383594692401	1	0.0594692400482509	3	0.04161640530759952	8	0.022677925211097707	5	0.006151990349819059	7	0.004704463208685163	4	0.0020506634499396865	0	0.0018094089264173703	
7	doc008A-new-method-for-off-line-removal-of-ocular-artifact	8	0.4132231404958678	9	0.17768595041322313	0	0.13636363636363635	3	0.049586776859504134	6	0.045454545454545456	7	0.04132231404958678	2	0.04132231404958678	1	0.04132231404958678	4	0.028925619834710745	5	0.024793388429752067	
8	doc009A-Performance-Evaluation-of-Local-Descriptors	9	0.8064774090363854	1	0.11875249900039984	3	0.022391043582566973	7	0.013994402239104359	5	0.008396641343462616	0	0.007996801279488205	2	0.0075969612155137945	8	0.006397441023590564	4	0.004798080767692923	6	0.003198720511795282	
9	doc010A-saliencybased-search-mechanism-for-overt-and-covert-shifts-of-visual-attention	1	0.3039586919104991	2	0.24750430292598968	3	0.19053356282271944	9	0.140447504302926	6	0.08261617900172118	8	0.010671256454388985	7	0.010327022375215147	5	0.008433734939759036	4	0.0036144578313253013	0	0.0018932874354561102	
10	doc011A-Theory-of-Eye-Movements-During-Target-Acquisition	3	0.5763148382432677	1	0.2164738839689138	6	0.060003614675582864	2	0.05833182721850714	5	0.026116031086210013	9	0.024986444966564252	4	0.02485089463220676	7	0.0062353153804446055	8	0.005647930598228809	0	0.001039219230074101	
11	doc012A-theory-of-reading-From-eye-fixations-to-comprehension	4	0.3642120075046904	5	0.2964352720450281	9	0.2026266416510319	6	0.07938555347091933	7	0.019582551594746717	2	0.018058161350844277	3	0.0072701688555347095	1	0.0043386491557223265	8	0.004104127579737336	0	0.00398686679174484	
12	doc013A-Time-for-Telling	5	0.8001886990250551	9	0.11384841178320579	6	0.04182828388719992	7	0.012579935003669147	4	0.009120452877660131	3	0.005975469126742845	2	0.005660970751651117	0	0.004298144459586959	1	0.0038788132927979873	8	0.0026208197924310725	
13	doc014Action-mirroring-and-action-understanding-an-alternative-account	7	0.6632450331125828	2	0.1336092715231788	9	0.06225165562913907	6	0.060430463576158944	5	0.023509933774834436	1	0.01456953642384106	0	0.01423841059602649	4	0.01142384105960265	8	0.01009933774834437	3	0.006622516556291391	
14	doc015Action-Observation-and-Acquired-Motor-Skills-An-fMRI-Study-with-Expert-Dancers	7	0.5377626348665531	2	0.19136854060193073	8	0.097671777399205	9	0.055650198750709826	6	0.05366269165247019	5	0.024134014764338445	1	0.019307211811470756	0	0.007950028392958546	4	0.006246450880181715	3	0.006246450880181715	
15	doc016Agency-Its-role-in-mental-development	5	0.27608142493638677	7	0.23536895674300254	6	0.18702290076335878	2	0.08015267175572519	3	0.061068702290076333	9	0.04198473282442748	0	0.04198473282442748	4	0.030534351145038167	1	0.024173027989821884	8	0.021628498727735368	
16	doc017An-informationmaximization-approach-to-blind-separation-and-blind-deconvolution	9	0.7944214876033058	8	0.08161157024793389	5	0.04194214876033058	2	0.03078512396694215	6	0.02933884297520661	4	0.005785123966942148	3	0.005785123966942148	7	0.004132231404958678	1	0.003305785123966942	0	0.002892561983471074	
17	doc018Attention-affects-the-recognition-of-briefly-presented-visual-stimuli-in-infants-an-ERP-study	0	0.7460498762611841	9	0.1283076337331049	8	0.06377308204835332	6	0.03312392918332382	1	0.008947268227679422	2	0.006853226727584237	5	0.00437845040928993	4	0.003236245954692557	7	0.0028555111364934323	3	0.002474776318294308	
18	doc019Beliefdesire-reasoning-as-a-process-of-selection	7	0.7121548714693748	6	0.1047286575690257	9	0.057653654924362634	3	0.05469163228604676	5	0.043795620437956206	4	0.011530730984872527	2	0.007510843118586692	1	0.005712472231037766	8	0.0016925843647519305	0	5.289326139849783E-4	
19	doc020Beyond-Bags-of-Features-Spatial-Pyramid-Matching-for-Recognizing-Natural-Scene-Categories	9	0.5175137362637363	1	0.34168956043956045	6	0.040865384615384616	5	0.03708791208791209	3	0.018543956043956044	2	0.01510989010989011	7	0.008241758241758242	8	0.007554945054945055	0	0.007554945054945055	4	0.005837912087912088	
20	doc021Blind-separation-of-auditory-eventrelated-brain-responses-into-independent-components	8	0.6380660537963909	9	0.21824991487912837	6	0.04290091930541369	3	0.035069799114742936	2	0.01804562478719782	1	0.016002723867892407	0	0.013619339462036091	4	0.007150153217568948	5	0.006128702757916241	7	0.004766768811712632	
21	doc022Brain-activity-differentiates-face-and-object-processing-in-6-month-old-infants	0	0.5420560747663551	8	0.10747663551401869	2	0.06542056074766354	9	0.06074766355140187	6	0.04672897196261682	3	0.04205607476635514	1	0.04205607476635514	7	0.03271028037383177	4	0.03271028037383177	5	0.028037383177570093	
22	doc023Brain-Behavior-Relations-in-Infancy-Integrative-Approaches-to-Examining-Infant-Looking-Behavior-and-Event-Related-Potentials	0	0.33175355450236965	8	0.26066350710900477	4	0.0995260663507109	9	0.06635071090047394	5	0.05687203791469194	3	0.052132701421800945	7	0.037914691943127965	6	0.03317535545023697	2	0.03317535545023697	1	0.02843601895734597	
23	doc024Cognitive-functions-of-gammaband-activity-memory-match-and-utilization	8	0.42298084929225643	2	0.24174299195115181	6	0.1726339161809603	9	0.09075770191507078	3	0.02164862614487927	5	0.012489592006661115	0	0.011934499028587288	7	0.010269220094365806	1	0.008881487649181239	4	0.006661115736885929	
24	doc025Cortical-Source-Localization-of-Infant-Cognition	8	0.6328996282527881	0	0.2154275092936803	9	0.057806691449814124	7	0.02620817843866171	2	0.020446096654275093	3	0.011152416356877323	6	0.010223048327137546	1	0.00929368029739777	4	0.008550185873605948	5	0.007992565055762083	
25	doc026Development-and-neurophysiology-of-mentalizing	7	0.6478917068616773	6	0.10751517037498055	2	0.07966391784658472	0	0.048389606348218456	5	0.048234012758674345	8	0.026295316632954722	9	0.019138011513925628	1	0.014781391006690524	4	0.006223743581764431	3	0.0018671230745293294	
26	doc027Developments-in-longterm-explicit-memory-late-in-the-first-year-of-life-behavioral-and-electrophysiological-indices	0	0.5456445993031359	9	0.19372822299651568	7	0.09930313588850175	6	0.07212543554006969	5	0.033101045296167246	2	0.023344947735191638	8	0.01951219512195122	3	0.004878048780487805	1	0.004878048780487805	4	0.003484320557491289	
27	doc028Direct-eye-contact-influences-the-neural-processing-of-objects-in-5-month-old-infants	0	0.5370370370370371	2	0.07407407407407407	1	0.07407407407407407	6	0.06944444444444445	5	0.06018518518518518	3	0.046296296296296294	4	0.041666666666666664	8	0.037037037037037035	7	0.032407407407407406	9	0.027777777777777776	
28	doc029Distinctive-Image-Features-from-ScaleInvariant-Keypoints	9	0.701254275940707	1	0.23098224466525494	3	0.025899983710702068	2	0.009447792800130314	6	0.007330184069066623	5	0.007167291089754032	7	0.005538361296628116	0	0.005375468317315524	8	0.0037465385241896073	4	0.0032578595862518323	
29	doc030Do-15MonthOld-Infants-Understand-False-Beliefs	7	0.6138140747176368	9	0.1516072980017376	0	0.07775847089487402	2	0.036055603822762815	5	0.03127715030408341	6	0.02476107732406603	3	0.022589052997393572	1	0.022154648132059078	8	0.01259774109470026	4	0.007384882710686359	
30	doc031Drosophila-Gene-Expression-Pattern-Annotation-through-MultiInstance-MultiLabel-Learning	9	0.7659003831417625	1	0.10766283524904215	5	0.03524904214559387	2	0.01992337164750958	6	0.01954022988505747	8	0.016475095785440614	7	0.014176245210727969	0	0.010727969348659003	3	0.0053639846743295016	4	0.004980842911877395	
31	doc032DYNAMIC-PREDICTIONS-OSCILLATIONS-AND-SYNCHRONY-IN-TOPDOWN-PROCESSING	2	0.4551169590643275	8	0.25862573099415204	6	0.11286549707602339	9	0.08552631578947369	3	0.03318713450292397	1	0.02149122807017544	7	0.01564327485380117	5	0.010087719298245614	0	0.004532163742690058	4	0.0029239766081871343	
32	doc033EEG-source-imaging	8	0.7415355269432523	9	0.14457161023684628	2	0.03187092672071213	1	0.021618184708313462	6	0.021379748847560005	7	0.010093784771896359	5	0.009537434430138292	3	0.007073597202352567	0	0.006358289620092195	4	0.005960896518836433	
33	doc034Effects-of-foveal-processing-difficulty-on-the-perceptual-span-in-reading-Implications-for-attention-and-eye-movement-control	4	0.7321518140779134	6	0.12656746363484367	9	0.0817589031934459	5	0.022069887978598896	3	0.015883631499749206	1	0.006019060357799699	0	0.0058518642367497075	7	0.0045142952683497745	2	0.002842334057849858	8	0.002340745694699883	
34	doc035Electric-Fields-of-the-Brain	8	0.39826839826839827	5	0.1038961038961039	2	0.1038961038961039	6	0.06926406926406926	3	0.06926406926406926	1	0.06493506493506493	7	0.06060606060606061	0	0.05627705627705628	9	0.04329004329004329	4	0.030303030303030304	
35	doc036Estimation-of-the-Box-Correction-for-Degrees-of-Freedom-from-Sample-Data-in-Randomized-Block-and-SplitPlot-Designs	9	0.8045738045738046	5	0.0816008316008316	7	0.028586278586278588	1	0.02338877338877339	6	0.018711018711018712	0	0.011434511434511435	4	0.009875259875259876	3	0.008316008316008316	8	0.007796257796257797	2	0.005717255717255718	
36	doc037Event-Related-Potential-and-Looking-Time-Analysis-of-Infants'-Responses-to-Familiar-and-Novel-Events-Implications-for-Visual-Recognition-Memory	0	0.5287958115183246	8	0.13089005235602094	6	0.06282722513089005	9	0.05759162303664921	2	0.05759162303664921	7	0.041884816753926704	4	0.03664921465968586	1	0.031413612565445025	5	0.02617801047120419	3	0.02617801047120419	
37	doc038Event-Related-Potentials-A-Methods-Handbook	8	0.41832669322709165	0	0.18326693227091634	9	0.0796812749003984	5	0.06374501992031872	7	0.055776892430278883	6	0.055776892430278883	3	0.043824701195219126	2	0.0398406374501992	1	0.03187250996015936	4	0.027888446215139442	
38	doc039Event-related-potentials-of-4--7-week-old-infants-in-a-visual-recognition-memory-task	0	0.5275229357798165	8	0.12385321100917432	6	0.08256880733944955	7	0.05504587155963303	4	0.05045871559633028	5	0.03669724770642202	2	0.03669724770642202	9	0.03211009174311927	3	0.027522935779816515	1	0.027522935779816515	
39	doc040EventRelated-Brain-Potentials-to-Human-Faces-in-Infants	0	0.5557586837294333	9	0.17989031078610604	8	0.08043875685557587	6	0.07861060329067641	7	0.033272394881170016	5	0.02486288848263254	2	0.02157221206581353	1	0.014990859232175503	3	0.006215722120658135	4	0.0043875685557586835	
40	doc041Eventrelated-EEGMEG-synchronization-and-desynchronization-basic-principles	8	0.8066848786758798	9	0.07520488510364776	2	0.04194118592318817	6	0.03310300498152017	4	0.011730676522577536	7	0.010766511328941025	1	0.00755262735015266	5	0.005784991161819059	0	0.005142214366061385	3	0.0020890245862124376	
41	doc042Executive-function-is-necessary-for-perspective-selection-not-Level1-visual-perspective-calculation-Evidence-from-a-dualtask-study-of-adults	7	0.6238723108952117	6	0.1717557251908397	9	0.12803608605135322	0	0.01943095072866065	5	0.017002081887578072	3	0.0131852879944483	2	0.009368494101318528	1	0.008674531575294934	4	0.006245662734212352	8	0.0024288688410825814	
42	doc043Eye-contact-detection-in-humans-from-birth	0	0.5505813953488372	7	0.11162790697674418	9	0.062209302325581396	8	0.06046511627906977	6	0.056976744186046514	1	0.05116279069767442	2	0.0377906976744186	5	0.030813953488372094	4	0.021511627906976746	3	0.01686046511627907	
43	doc044Eye-Guidance-in-Reading-Fixation-Locations-within-Words	4	0.37037037037037035	1	0.19135802469135801	6	0.08641975308641975	2	0.08641975308641975	9	0.07407407407407407	5	0.06172839506172839	0	0.037037037037037035	8	0.030864197530864196	7	0.030864197530864196	3	0.030864197530864196	
44	doc045Eye-movement-control-in-reading-A-comparison-of-two-types-of-models	4	0.8229783980118525	9	0.09653985853565283	5	0.017205123303383675	3	0.016440451156566623	1	0.013764098642706939	6	0.011852418275664309	7	0.0070732173580577325	2	0.0070732173580577325	0	0.004205696807493787	8	0.0028675205505639457	
45	doc046Eye-movements-and-attention-in-reading,-scene-perception,-and-visual-search	4	0.3163841807909605	3	0.1694915254237288	1	0.15254237288135594	2	0.11864406779661017	6	0.062146892655367235	9	0.03954802259887006	7	0.03954802259887006	0	0.03954802259887006	5	0.03389830508474576	8	0.02824858757062147	
46	doc047Eye-movements-in-natural-behavior	1	0.3452220726783311	2	0.27994616419919244	6	0.09724091520861373	7	0.08580080753701211	5	0.06224764468371467	3	0.04306864064602961	9	0.03768506056527591	4	0.02759084791386272	8	0.014804845222072678	0	0.00639300134589502	
47	doc048Eye-movements-in-reading-and-information-processing-20-years-of-research	4	0.7265963309975593	6	0.100700732225809	1	0.062081725848358395	3	0.033776867963152504	5	0.03027320683410755	2	0.01976222344697268	9	0.012479332336036533	7	0.006928588300133848	0	0.004527202582473821	8	0.0028737894653964257	
48	doc049Feature-analysis-in-early-vision-Evidence-from-search-asymmetries	3	0.29464285714285715	1	0.14285714285714285	7	0.10714285714285714	6	0.09821428571428571	9	0.07142857142857142	8	0.07142857142857142	0	0.0625	4	0.05357142857142857	2	0.05357142857142857	5	0.044642857142857144	
49	doc050Guided-Search-2-0-A-revised-model-of-visual-search	3	0.6738747799849133	9	0.1518732713100327	6	0.10108121699773699	2	0.03878551672114659	1	0.011126477244153886	5	0.008360573296454614	4	0.004903193361830526	7	0.004023133014835303	8	0.003960271561478501	0	0.0020115665074176515	
50	doc051Guidelines-for-using-human-eventrelated-potentials-to-study-cognition-Recording-standards-and-publication-criteria	8	0.451115760111576	9	0.27168758716875874	0	0.1206415620641562	6	0.05697350069735007	5	0.036541143654114365	7	0.018479776847977684	2	0.017712691771269176	4	0.015690376569037656	1	0.005718270571827057	3	0.005439330543933054	
51	doc052High-resolution-EEG-mapping-of-cortical-activation-related-to-working-memory-effects-of-task	8	0.5731802257687816	6	0.24094978590891397	7	0.05799922148695991	9	0.05001946282600234	2	0.022771506422732582	0	0.01634877384196185	5	0.012456208641494744	3	0.011872323861424679	1	0.00759050214091086	4	0.006811989100817439	
52	doc053Human-cortical-oscillations-a-neuromagnetic-view-through-the-skull	8	0.5635860979462876	2	0.165086887835703	9	0.09439178515007898	6	0.061611374407582936	5	0.04344391785150079	1	0.020537124802527645	7	0.02014218009478673	0	0.015402843601895734	4	0.011058451816745656	3	0.004739336492890996	
53	doc054Human-gammaband-activity-A-review-on-cognitive-and-behavioral-correlates-and-network-models	8	0.3936651583710407	3	0.10407239819004525	7	0.09954751131221719	0	0.08144796380090498	6	0.06334841628959276	5	0.058823529411764705	2	0.058823529411764705	1	0.058823529411764705	9	0.04524886877828054	4	0.03619909502262444	
54	doc055In-what-ways-do-eye-movements-contribute-to-everyday-activities	1	0.3537841468875952	6	0.21137483206448723	7	0.1141961486789073	9	0.10792655620241827	5	0.06851768920734438	2	0.054187192118226604	4	0.043439319301388266	3	0.03493058665472459	0	0.006269592476489028	8	0.005373936408419167	
55	doc056Individual-Differences-in-Inhibitory-Control-and-Children39s-Theory-of-Mind	7	0.6764385221078134	9	0.17129012719563902	5	0.07365233192004846	6	0.03876438522107813	3	0.010054512416717142	0	0.00872198667474258	2	0.006662628709872804	8	0.006541490006056935	4	0.004724409448818898	1	0.0031496062992125984	
56	doc057Infants'-ERP-Responses-to-Novel-and-Familiar-Stimuli-Change-Over-Time-Implications-for-Novelty-Detection-and-Memory	0	0.6229962398575104	9	0.174351870176133	7	0.05660003958044726	8	0.04492380763902632	5	0.033841282406491195	6	0.026123095190975658	2	0.025133584009499308	3	0.007916089451810805	4	0.005343360379972293	1	0.002770631308133782	
57	doc058Inventing-to-Prepare-for-Future-Learning-The-Hidden-Efficiency-of-Encouraging-Original-Student-Production-in-Statistics-Instruction	5	0.7546053907310452	9	0.17713787085514834	3	0.01716114019778941	6	0.012313360480899748	7	0.011343804537521814	2	0.008047314330036843	0	0.006205158037618771	8	0.0049447353112274574	1	0.004363001745200698	4	0.0038782237735117317	
58	doc059Left-temporoparietal-junction-is-necessary-for-representing-someone-else39s-belief	7	0.6405228758169934	6	0.12885154061624648	9	0.07096171802054155	5	0.036414565826330535	2	0.036414565826330535	0	0.02707749766573296	3	0.02334267040149393	4	0.014939309056956116	1	0.013071895424836602	8	0.008403361344537815	
59	doc060Levels-of-processing-A-framework-for-memory-research	6	0.6599437148217636	5	0.13297373358348968	9	0.1022514071294559	4	0.037054409005628515	2	0.020872420262664164	7	0.013133208255159476	3	0.012429643527204503	1	0.009615384615384616	0	0.00797373358348968	8	0.00375234521575985	
60	doc061Lexical-complexity-and-fixation-times-in-reading-Effects-of-word-frequency-verb-complexity-and-lexical-ambiguity	4	0.5312194167155999	5	0.2364454883538853	9	0.11665688001565865	6	0.06850655705617538	7	0.015071442552358583	3	0.013701311411235075	0	0.00900371892738305	8	0.0037189273830495204	1	0.003327461342728518	2	0.002348796241926013	
61	doc062Limits-on-theory-of-mind-use-in-adults	7	0.4276931301790965	5	0.4242181234963913	6	0.03982892274792836	1	0.039026998128842555	9	0.024325046778936113	4	0.013365410318096765	3	0.011494252873563218	0	0.010425020048115477	8	0.005880780539962577	2	0.0037423148890670943	
62	doc063Manipulation-of-stimulus-onset-delay-in-reading-Evidence-for-parallel-programming-of-saccades	4	0.5686879068174032	6	0.1591298389859541	9	0.09472422062350119	2	0.06637547105173004	5	0.050359712230215826	1	0.01961288112367249	3	0.01498800959232614	7	0.011990407673860911	0	0.011647824597464886	8	0.002483727303871189	
63	doc064Measuring-inconsistency-in-metaanalyses	0	0.46412213740458014	9	0.3053435114503817	5	0.10483460559796437	8	0.030025445292620866	6	0.030025445292620866	7	0.0183206106870229	1	0.017811704834605598	2	0.01272264631043257	3	0.010687022900763359	4	0.0061068702290076335	
64	doc065Motor-System-Activation-Reveals-Infants39-OnLine-Prediction-of-Others39-Goals	7	0.5513078470824949	0	0.18008048289738432	8	0.0789738430583501	9	0.06790744466800805	2	0.04124748490945674	6	0.029175050301810865	5	0.02062374245472837	1	0.012072434607645875	4	0.011066398390342052	3	0.007545271629778672	
65	doc066Neural-mechanisms-of-joint-attention-in-infancy	0	0.7117834394904459	6	0.06794055201698514	2	0.04193205944798301	9	0.03927813163481953	1	0.034501061571125265	8	0.03131634819532909	7	0.027070063694267517	5	0.02335456475583864	3	0.016454352441613588	4	0.006369426751592357	
66	doc067Novel-Machine-Learning-Methodsfor-ERP-Analysis-A-ValidationFrom-Research-on-Infants-at-Riskfor-Autism	0	0.40454545454545454	9	0.10909090909090909	5	0.10454545454545454	1	0.10454545454545454	8	0.07272727272727272	7	0.07272727272727272	4	0.04090909090909091	2	0.03636363636363636	6	0.02727272727272727	3	0.02727272727272727	
67	doc068On-methods-in-the-analysis-of-profile-data	9	0.8589341692789969	5	0.055381400208986416	7	0.019331243469174503	0	0.014106583072100314	8	0.013584117032392894	6	0.012016718913270637	1	0.009404388714733543	4	0.0073145245559038665	3	0.005747126436781609	2	0.0041797283176593526	
68	doc069Optimal-eye-movement-strategies-in-visual-search	1	0.45863427445830596	3	0.1792514773473408	9	0.1674326986211425	2	0.04957321076822062	7	0.03972422849638871	6	0.03972422849638871	5	0.021667760998030205	0	0.019369665134602757	8	0.013131976362442548	4	0.01149047931713723	
69	doc070Orienting-of-attention	6	0.5347721822541966	2	0.21762589928057555	1	0.08653077537969624	9	0.060951239008792964	3	0.028377298161470825	4	0.02498001598721023	5	0.017585931254996003	0	0.011390887290167866	7	0.010191846522781775	8	0.007593924860111911	
70	doc071Parafoveal-word-processing-during-eye-fixations-in-reading-Effects-of-word-frequency	4	0.7906519065190651	9	0.11955719557195572	3	0.025584255842558426	6	0.017712177121771217	5	0.015744157441574414	2	0.008118081180811807	0	0.006888068880688807	8	0.005658056580565805	7	0.005412054120541206	1	0.004674046740467405	
71	doc072Parafovealonfoveal-effects-in-normal-reading	4	0.7271927251393371	9	0.1528307421531241	6	0.045174537987679675	5	0.023173951305368142	1	0.012320328542094456	3	0.011000293341155765	2	0.01026694045174538	0	0.010120269873863302	7	0.006013493693165151	8	0.0019067175124669992	
72	doc073Perception's-shadow-longdistance-synchronization-of-human-brain-activity	8	0.45097244732576985	2	0.13897893030794164	6	0.13087520259319288	9	0.08833063209076175	0	0.06847649918962723	3	0.03687196110210697	7	0.03606158833063209	1	0.02106969205834684	5	0.019043760129659644	4	0.009319286871961102	
73	doc074population-coding-of-saccadic-eye-movements-by-neurons-in-the-superior-colliculus	2	0.6293294030950627	9	0.14369933677229182	1	0.08400884303610906	3	0.05821665438467207	6	0.026529108327192335	5	0.015475313190862197	8	0.013264554163596167	4	0.012527634487840826	0	0.01105379513633014	7	0.0058953574060427415	
74	doc075Predictive-motor-activation-during-action-observation-in-human-infants	7	0.4128498727735369	8	0.23155216284987276	0	0.18447837150127228	2	0.05089058524173028	1	0.031170483460559797	6	0.02862595419847328	5	0.021628498727735368	9	0.017811704834605598	4	0.013358778625954198	3	0.007633587786259542	
75	doc076Recognition-of-the-Mother's-Face-by-SixMonthOld-Infants-A-Neurobehavioral-Study	0	0.7195604395604396	9	0.1493040293040293	8	0.04249084249084249	6	0.03604395604395604	2	0.024761904761904763	7	0.01054945054945055	3	0.005274725274725275	5	0.004981684981684982	1	0.004688644688644689	4	0.0023443223443223443	
76	doc077Recording-Infant-ERP-Data-for-Cognitive-Research	0	0.8600129094723253	9	0.042117153461352266	6	0.032757786025496206	8	0.016984024527997417	5	0.012869130224302082	1	0.009480393738905923	7	0.009278683233822818	2	0.009278683233822818	3	0.004155236404711957	4	0.003065999677263192	
77	doc078Reflexively-mindblind-Using-theory-of-mind-to-interpret-behavior-requires-effortful-attention	7	0.3815958815958816	5	0.32754182754182753	6	0.11647361647361647	9	0.08494208494208494	4	0.0324967824967825	1	0.019305019305019305	3	0.015444015444015444	2	0.009652509652509652	0	0.00933075933075933	8	0.0032175032175032173	
78	doc079Regarding-Scenes	1	0.4025897586815774	4	0.17068864037669218	9	0.09829311359623308	5	0.08652148322542672	6	0.07357268981753973	2	0.07239552678045909	3	0.04414361389052384	0	0.02177751618599176	8	0.015891701000588582	7	0.014125956444967627	
79	doc080Relating-Effortful-Control-Executive-Function-and-False-Belief-Understanding-to-Emerging-Math-and-Literacy-Ability-in-Kindergarten	7	0.6409881596257857	9	0.14413097500365443	5	0.10057009209179944	6	0.0640257272328607	4	0.019149247186083906	2	0.01110948691711738	8	0.008916825025581056	0	0.003946791404765385	3	0.00380061394532963	1	0.003362081567022365	
80	doc081Removing-electroencephalographic-artifacts-by-blind-source-separation	8	0.68	9	0.22607142857142856	1	0.023214285714285715	6	0.01607142857142857	5	0.014821428571428572	2	0.011428571428571429	0	0.009821428571428571	3	0.008214285714285714	4	0.0066071428571428574	7	0.00375	
81	doc082Rethinking-Transfer-A-Simple-Proposal-with-Multiple-Implications	5	0.7877436616129443	6	0.07797171614218372	9	0.06625047776786852	7	0.03108676264492292	2	0.008408714485921773	3	0.007644285896292522	1	0.007262071601477895	4	0.005988023952095809	0	0.004204357242960886	8	0.0034399286533316345	
82	doc083Saccade-target-selection-and-object-recognition-Evidence-for-a-common-attentional-mechanism	6	0.33008526187576126	2	0.2772228989037759	1	0.15785627283800244	3	0.09792935444579781	9	0.061388550548112056	4	0.041656516443361755	5	0.013885505481120585	7	0.009013398294762484	0	0.00682095006090134	8	0.0041412911084043845	
83	doc084SCALP-DISTRIBUTIONS-OF-EVENTRELATED-POTENTIALS-AN-AMBIGUITY-ASSOCIATED-WITH-ANALYSIS-OF-VARIANCE-MODELS	9	0.5222863135815417	8	0.32039853172522287	1	0.03828002097535396	5	0.02779234399580493	0	0.027267960146827478	6	0.02045097011012061	7	0.013633980073413739	3	0.012060828526481384	2	0.01048767697954903	4	0.007341373885684321	
84	doc085Seeing-it-my-way-a-case-of-a-selective-deficit-in-inhibiting-selfperspective	7	0.7415429544901436	6	0.10051107325383304	9	0.06984667802385008	5	0.04794353857386225	2	0.014602092966658554	8	0.007057678267218302	3	0.0058408371866634215	0	0.005597468970552446	1	0.0038938914577756143	4	0.003163786809442687	
85	doc086Seeing-It-Their-Way-Evidence-for-Rapid-and-Involuntary-Computation-of-What-Other-People-See	7	0.5989465763732129	6	0.17832957110609482	9	0.09004263857536995	0	0.05693503887634813	5	0.03210433910208176	3	0.020316027088036117	1	0.011286681715575621	8	0.004514672686230248	4	0.00401304238776022	2	0.003511412089290193	
86	doc087Self-Efficacy-The-Exercise-of-Control	5	0.30275229357798167	6	0.1743119266055046	9	0.10091743119266056	7	0.07339449541284404	4	0.06422018348623854	3	0.06422018348623854	2	0.06422018348623854	8	0.05504587155963303	1	0.05504587155963303	0	0.045871559633027525	
87	doc088Shifts-in-selective-visual-attention-towards-the-underlying-neural-circuitry	2	0.28640776699029125	6	0.25728155339805825	9	0.0825242718446602	3	0.06796116504854369	1	0.06796116504854369	0	0.05339805825242718	8	0.04854368932038835	5	0.04854368932038835	4	0.04854368932038835	7	0.038834951456310676	
88	doc089Social-cognition-and-the-brain-A-metaanalysis	7	0.6689156155275252	2	0.09983377334506698	9	0.07577979857240638	6	0.051725823799745774	5	0.03128972328150973	8	0.025325119780971937	0	0.018773833968905838	1	0.015155959714481275	4	0.007626870049867997	3	0.005573481959518921	
89	doc090SWIFT-A-Dynamical-Model-of-Saccade-Generation-During-Reading	4	0.6093698449356648	9	0.22401847575057737	2	0.12695480039590895	3	0.014582645991421972	6	0.0093038601121742	5	0.006268558231606731	1	0.0031012867040580666	8	0.0025734081161332893	0	0.002045529528208512	7	0.0017815902342461234	
90	doc091Taking-Perspective-in-Conversation-The-Role-of-Mutual-Knowledge-in-Comprehension	5	0.5973210548346588	9	0.10129761406446212	6	0.08287986605274174	1	0.0703223105902051	7	0.06446211804102135	4	0.0301381331100879	0	0.018836333193804938	3	0.01506906655504395	2	0.011720385098367517	8	0.00795311845960653	
91	doc092The-central-fixation-bias-in-scene-viewing-Selecting-an-optimal-viewing-position-independently-of-motor-biases-and-image-feature-distributions	1	0.8422042505172089	9	0.04532631182997931	3	0.033665600902764714	6	0.029904081248824526	2	0.017491066390821892	4	0.008275343238668423	5	0.007899191273274403	0	0.007146887342486364	7	0.005642279480910287	8	0.0024449877750611247	
92	doc093The-Child's-Conception-of-Space	6	0.19021739130434784	5	0.15760869565217392	2	0.13043478260869565	7	0.10326086956521739	0	0.08695652173913043	4	0.08152173913043478	3	0.08152173913043478	9	0.07065217391304347	1	0.05434782608695652	8	0.043478260869565216	
93	doc094The-Dynamic-Representation-of-Scenes	6	0.5465167548500882	9	0.1388888888888889	1	0.1130952380952381	2	0.06591710758377425	3	0.06393298059964726	5	0.03902116402116402	4	0.01455026455026455	7	0.010141093474426807	8	0.003968253968253968	0	0.003968253968253968	
94	doc095The-effects-of-semantic-consistency-on-eye-movements-during-complex-scene-viewing	1	0.2857142857142857	4	0.1836734693877551	6	0.12244897959183673	7	0.08163265306122448	9	0.061224489795918366	0	0.061224489795918366	8	0.05102040816326531	5	0.05102040816326531	3	0.05102040816326531	2	0.05102040816326531	
95	doc096The-Empathy-Quotient-An-Investigation-of-Adults-with-Asperger-Syndrome-or-High-Functioning-Autism-and-Normal-Sex-Differences	7	0.65648126044402	9	0.14370971592265458	5	0.10097875387920745	6	0.04941513487705897	8	0.01885891620911912	3	0.008593936500358081	0	0.008593936500358081	4	0.006922893291955121	2	0.005251850083552161	1	0.0011936022917164002	
96	doc097The-EZ-Reader-Model-of-Eye-Movement-Control-in-Reading-Comparisons-to-Other-Models	4	0.6345445702772181	9	0.1344403529493504	2	0.12651983603140415	6	0.04909794112878946	5	0.021793001227448528	3	0.011047036753977628	7	0.008916371384237709	1	0.008082632761296	8	0.0051877069871928486	0	3.7055049908520343E-4	
97	doc098The-guidance-of-eye-movements-during-active-visual-search	3	0.501047668936616	1	0.21189104243059192	9	0.14064955474070193	2	0.0966474594028287	6	0.01650078575170246	4	0.013619696176008382	0	0.006286013619696176	7	0.005762179151388162	8	0.004452592980618125	5	0.003143006809848088	
98	doc099The-long-and-the-short-of-it-Spatial-statistics-at-fixation-vary-with-saccade-amplitude-and-task	1	0.72778447929232	9	0.09690390028146362	2	0.05629272215520708	3	0.04221954161640531	6	0.03498190591073583	4	0.019300361881785282	5	0.008845999195818254	8	0.007237635705669481	0	0.004020908725371934	7	0.0024125452352231603	
99	doc100The-perceptual-span-and-peripheral-cues-in-reading	4	0.4146341463414634	6	0.14634146341463414	0	0.06707317073170732	9	0.06097560975609756	2	0.06097560975609756	8	0.054878048780487805	5	0.054878048780487805	3	0.054878048780487805	7	0.042682926829268296	1	0.042682926829268296	
100	doc101The-prominence-of-behavioural-biases-in-eye-guidance	1	0.7157112111132851	9	0.07924085306202308	6	0.06691449814126393	2	0.051066327528859326	3	0.0330659362160047	4	0.020152612013304635	5	0.010761103502250048	7	0.009000195656427314	8	0.007630600665231853	0	0.006456662101350029	
101	doc102The-Psychology-of-Attention	6	0.8472511272979535	3	0.047910163024627125	2	0.03785119667013528	5	0.0287244190079778	9	0.01530523759972251	7	0.008021158515435311	4	0.007782691640652099	1	0.0038371488033298647	8	0.0027098508498092267	0	6.070065903572668E-4	
102	doc103The-Social-Sense-Susceptibility-to-Others39-Beliefs-in-Human-Infants-and-Adults	7	0.6255088195386703	9	0.14789687924016282	2	0.05359565807327001	0	0.048846675712347354	1	0.038331071913161464	6	0.027815468113975575	5	0.027137042062415198	3	0.012890094979647219	8	0.012550881953867029	4	0.005427408412483039	
103	doc104The-span-of-the-effective-stimulus-during-a-fixation-in-reading	4	0.5117748420448018	9	0.18064330844342333	6	0.128661688684664	5	0.06634118322802987	3	0.053130384836300976	1	0.02871912693854107	0	0.014072372199885124	7	0.006605399195864446	2	0.005743825387708214	8	0.00430786904078116	
104	doc105The-Utility-of-EEG-Band-Power-Analysis-in-the-Study-of-Infancy-and-Early-Childhood	8	0.4936273807818989	0	0.230130316482887	7	0.15251324645567807	6	0.04009737934984964	5	0.026206501503651725	3	0.02119432908492052	2	0.014750107403694687	1	0.009881139911212946	9	0.006873836459974223	4	0.004725762566232279	
105	doc106The-zoom-lens-of-attention-Simulating-shuffled-versus-normal-text-reading-using-the-SWIFT-model	3	0.4908474576271186	4	0.41559322033898305	1	0.025084745762711864	9	0.022372881355932205	8	0.01423728813559322	2	0.010169491525423728	6	0.007457627118644068	7	0.0047457627118644066	5	0.0047457627118644066	0	0.0047457627118644066	
106	doc107Theoretical-and-methodological-implications-of-variability-in-infant-brain-response-during-a-recognition-memory-paradigm	0	0.573170731707317	9	0.08943089430894309	2	0.08130081300813008	6	0.06910569105691057	7	0.036585365853658534	5	0.036585365853658534	4	0.032520325203252036	1	0.032520325203252036	8	0.024390243902439025	3	0.024390243902439025	
107	doc108Toward-a-Model-of-Eye-Movement-Control-in-Reading	4	0.7442204405697829	9	0.12703354868840974	6	0.046859188915700165	5	0.036584416595314084	3	0.017280298902467503	7	0.010741807425858178	2	0.010741807425858178	1	0.004125476765003503	0	0.0015567836849069822	8	8.562310266988402E-4	
108	doc109Tracking-the-Mind-During-Reading-The-Influence-of-Past-Present-and-Future-Words-on-Fixation-Durations	4	0.8215178482151785	9	0.0928907109289071	6	0.021597840215978402	5	0.0202979702029797	1	0.012798720127987202	0	0.011198880111988802	7	0.0064993500649935	8	0.006299370062993701	2	0.005099490050994901	3	0.0017998200179982	
109	doc110Two-sources-of-evidence-on-the-nonautomaticity-of-true-and-false-belief-ascription	7	0.7630395683453237	9	0.1191546762589928	6	0.06070143884892086	5	0.02907673860911271	0	0.007194244604316547	4	0.005995203836930456	3	0.004646282973621103	1	0.00434652278177458	8	0.0032973621103117505	2	0.002547961630695444	
110	doc111Understanding-the-Representational-Mind	7	0.5093457943925234	5	0.1261682242990654	9	0.06074766355140187	6	0.06074766355140187	3	0.06074766355140187	0	0.0514018691588785	8	0.037383177570093455	4	0.037383177570093455	2	0.03271028037383177	1	0.02336448598130841	
111	doc112Uniquely-human-social-cognition	7	0.7050359712230215	2	0.1079136690647482	6	0.05162928480744816	9	0.033855268726195514	8	0.031739314430808296	5	0.019043588658484975	0	0.016927634363097757	1	0.015658061785865426	3	0.012695725772323318	4	0.005501481168006771	
112	doc113Visual-attention-within-and-around-the-field-of-focal-attention-a-zoom-lens-model	6	0.6070911722141823	9	0.21808972503617946	3	0.14138929088277857	2	0.00824891461649783	4	0.006367583212735167	5	0.00593342981186686	1	0.0037626628075253256	0	0.0037626628075253256	8	0.0033285094066570187	7	0.0020260492040520984	
113	doc114Visual-correlates-of-fixation-selection-effects-of-scale-and-time	1	0.6135688345988776	9	0.2302740178276659	2	0.05315285572796302	6	0.035160118851105975	3	0.03284912512380324	5	0.016672169032684054	7	0.006272697259821723	8	0.006107626279300099	4	0.0031363486299108615	0	0.002806206668867613	
114	doc115Visual-Recognition	6	0.5484828496042217	9	0.17183377308707123	1	0.06200527704485488	7	0.061015831134564644	3	0.05244063324538258	4	0.030013192612137203	0	0.02704485488126649	8	0.01945910290237467	5	0.014182058047493404	2	0.013522427440633245	
115	doc116Where-to-look-next-Eye-movements-reduce-local-uncertainty	1	0.6751838235294118	9	0.13658088235294116	6	0.04981617647058824	3	0.03952205882352941	2	0.03602941176470588	4	0.02463235294117647	5	0.015625	7	0.010294117647058823	8	0.007352941176470588	0	0.004963235294117647	
