#doc name topic proportion ...
0	doc001A-lightweight-and-private-mobile-payment-protocol-by-using-mobile-network-operator	4	0.7468996617812852	5	0.13134160090191657	2	0.052423900789177004	8	0.015219842164599774	6	0.014092446448703494	3	0.011273957158962795	0	0.009019165727170236	9	0.007328072153325817	1	0.007328072153325817	7	0.005073280721533258	
1	doc002A-model-of-consumer-acceptance-of-mobile-payment	4	0.27472527472527475	8	0.10989010989010989	7	0.10989010989010989	9	0.0989010989010989	6	0.07692307692307693	3	0.07692307692307693	0	0.07692307692307693	5	0.06593406593406594	2	0.054945054945054944	1	0.054945054945054944	
2	doc003A-model-of-the-antecedents-of-perceived-ease-of-use-Development-and-test	6	0.7008310249307479	8	0.060941828254847646	9	0.04709141274238227	2	0.04155124653739612	0	0.036011080332409975	4	0.030470914127423823	7	0.027700831024930747	1	0.0221606648199446	3	0.019390581717451522	5	0.013850415512465374	
3	doc004A-new-mobile-payment-scheme-for-roaming-services	4	0.779037935080172	5	0.09698865858427845	2	0.04301916308173641	6	0.022291748142354323	7	0.018771998435666796	0	0.01329683222526398	8	0.009385999217833398	3	0.007039499413375049	9	0.005866249511145874	1	0.004301916308173641	
4	doc005a-new-product-growth-for-model-consumer-durables	2	0.5474607013301088	8	0.14419588875453446	0	0.11970979443772672	7	0.053204353083434096	5	0.05259975816203144	1	0.04232164449818621	6	0.014812575574365175	9	0.011487303506650543	3	0.007255139056831923	4	0.006952841596130592	
5	doc006A-seamless-contextaware-architecture-for-fourth-generation-wireless-networks	5	0.7086060606060606	2	0.17187878787878788	3	0.026424242424242423	0	0.021333333333333333	4	0.019636363636363636	9	0.01890909090909091	8	0.015030303030303031	7	0.0075151515151515155	1	0.0075151515151515155	6	0.0031515151515151517	
6	doc007A-structural-model-of-end-user-computing-satisfaction-and-user-performance	0	0.516240796881767	9	0.17020355132091813	2	0.1606756171502815	8	0.0627977479428324	5	0.029449978345604158	3	0.015158077089649198	6	0.01429190125595496	1	0.013858813339107838	7	0.0086617583369424	4	0.0086617583369424	
7	doc008A-theoretical-extension-of-the-technology-acceptance-model-Four-longitudinal-field-studies	9	0.5346274058233262	1	0.21302845862806383	0	0.09738443822997203	2	0.09573943082743873	8	0.02714262214179964	6	0.00871853923342655	5	0.007402533311399902	7	0.006909031090639908	3	0.006415528869879915	4	0.0026320118440532982	
8	doc009Acceptance-and-use-of-mobile-payments	4	0.5406147091108672	2	0.1778265642151482	8	0.11306256860592755	7	0.036223929747530186	6	0.030735455543358946	3	0.02579582875960483	1	0.02579582875960483	5	0.018111964873765093	0	0.01646542261251372	9	0.015367727771679473	
9	doc010Adoption-of-broadband-Internet-in-Korea-the-role-of-experience-in-building-attitudes	8	0.605257036520121	2	0.12328448476389858	1	0.1007210979297511	0	0.06489881367759945	9	0.04884856943475227	7	0.013956734124214934	5	0.012793672947197023	4	0.011630611770179112	6	0.010932775063968364	3	0.007676203768318213	
10	doc011Adoption-of-WAP-enabled-mobile-phones-among-Internet-users	8	0.4205482077822503	1	0.1633122484186314	4	0.14740272187080697	2	0.10484953038144527	0	0.06804677017442975	9	0.02568525972781292	7	0.0251102165995783	3	0.01590952654782442	6	0.014567759248610312	5	0.014567759248610312	
11	doc012An-attitudinal-model-of-technology-based-self-service-moderating-effects-of-consumer-traits-and-situational-factors	7	0.4407903827552853	1	0.15738565704021004	2	0.14342959789968218	0	0.11689926765234213	9	0.06839850766892358	8	0.04822440237667542	3	0.010777946662981899	6	0.00884344341578002	5	0.002901754870802819	4	0.0023490396573165677	
12	doc013An-Exploratory-Study-of-“Killer-Applications”-and-Critical-Success-Factors-in-M-Commerce	2	0.3711767755313634	4	0.30145152928978747	8	0.08294453084499741	6	0.07257646448937273	5	0.07102125453602903	0	0.03265940902021773	3	0.02410575427682737	7	0.022291342664593053	1	0.012700881285640227	9	0.009072058061171591	
13	doc014Antecedents-of-B2C-channel-satisfaction-and-preference-validating-e-commerce-metrics	6	0.44011096605744127	0	0.15469973890339425	2	0.13691253263707573	9	0.1362597911227154	7	0.05662532637075718	1	0.034595300261096605	8	0.023661879895561358	3	0.006201044386422976	4	0.006037859007832898	5	0.00489556135770235	
14	doc015Applied-multiple-regression-correlation-analysis-for-the-behavioral-sciences	0	0.3979591836734694	1	0.12244897959183673	2	0.10204081632653061	8	0.061224489795918366	5	0.061224489795918366	9	0.05102040816326531	7	0.05102040816326531	6	0.05102040816326531	4	0.05102040816326531	3	0.05102040816326531	
15	doc016Are-Individual-Differences-Germane-to-the-Acceptance-of-New-Information-Technologies	8	0.26373626373626374	9	0.17582417582417584	2	0.10989010989010989	3	0.07692307692307693	7	0.06593406593406594	6	0.06593406593406594	4	0.06593406593406594	1	0.06593406593406594	5	0.054945054945054944	0	0.054945054945054944	
16	doc017Belief,-Attitude,-Intention,-and-Behavior-An-Introduction-to-Theory-and-Research	2	0.3929098966026588	1	0.2614475627769572	9	0.1935007385524372	0	0.03988183161004431	5	0.03840472673559823	7	0.0206794682422452	8	0.014771048744460856	3	0.014771048744460856	6	0.013293943870014771	4	0.0103397341211226	
17	doc018Beyond-concern—a-privacy-trust-behavioral-intention-model-of-electronic-commerce	6	0.42505800464037125	2	0.1851508120649652	0	0.13410672853828307	1	0.10533642691415314	8	0.05359628770301624	9	0.03062645011600928	3	0.02459396751740139	4	0.01577726218097448	7	0.014617169373549885	5	0.011136890951276101	
18	doc019Building-customer-trust-in-mobile-commerce	6	0.4181375532562386	2	0.19598295800365187	4	0.1856360316494218	9	0.03956177723676202	5	0.03773584905660377	8	0.03530127814972611	3	0.027388922702373707	7	0.021911138161898967	0	0.019476567255021303	1	0.018867924528301886	
19	doc020Building-effective-online-marketplaces-with-institution-based-trust	6	0.6732370225269344	2	0.1396914789422135	0	0.08410871694417238	9	0.039177277179236046	1	0.024118511263467188	7	0.014569049951028404	4	0.012732615083251714	5	0.00648873653281097	8	0.004897159647404506	3	9.794319294809011E-4	
20	doc021C-map-Building-a-context-aware-mobile-assistant-for-exhibition-tours	3	0.7004498544588516	2	0.11775602011114052	5	0.10320190526594337	0	0.01878803916379995	6	0.011643291876157714	4	0.011643291876157714	1	0.011378671606245038	8	0.010055570256681662	9	0.008203228367292934	7	0.006880127017729558	
21	doc022Comparative-fit-indexes-in-structural-models	0	0.3006993006993007	2	0.11188811188811189	3	0.1048951048951049	6	0.09090909090909091	1	0.09090909090909091	4	0.07692307692307693	9	0.06993006993006994	7	0.06293706293706294	5	0.04895104895104895	8	0.04195804195804196	
22	doc023Conditions-for-acceptance-and-usage-of-mobile-payment-procedures	4	0.5526748971193416	2	0.25637860082304526	5	0.0448559670781893	8	0.043209876543209874	1	0.029218106995884775	9	0.025102880658436213	0	0.01934156378600823	7	0.011111111111111112	6	0.011111111111111112	3	0.0069958847736625515	
23	doc024Construct-validity-A-review-of-basic-issues-and-marketing-practices	0	0.6442027578170518	2	0.18003495824431928	1	0.06447853952223732	7	0.04505729267818994	9	0.04292095552534473	8	0.006409011458535638	5	0.0058263740532142165	6	0.004078461837249951	3	0.004078461837249951	4	0.0029131870266071083	
24	doc025Consumer-acceptance-of-electronic-commerce-Integrating-trust-and-risk-with-the-technology-acceptance-model	6	0.45042712917421696	2	0.14781258089567695	9	0.14509448615066012	0	0.11105358529640176	1	0.08283717318146518	7	0.028216412114936577	8	0.021485891793942533	4	0.0064716541548019675	5	0.0036241263266891016	3	0.002976960911208905	
25	doc026Consumer-behavior-in-online-game-communities-A-motivational-factor-perspective	8	0.3324169530355097	1	0.20481099656357388	9	0.15189003436426116	6	0.13172966781214204	2	0.07285223367697595	0	0.042382588774341354	7	0.02268041237113402	3	0.01672394043528064	5	0.015578465063001146	4	0.008934707903780068	
26	doc027Consumer-online-privacy-concerns-and-responses-a-power–responsibility-equilibrium-perspective	6	0.4201758445164276	2	0.34937528921795463	0	0.07218880148079593	7	0.03493752892179546	8	0.033317908375751965	5	0.027070800555298473	1	0.02105506709856548	9	0.01781582600647848	4	0.016658954187875982	3	0.007403979639055993	
27	doc028Consumer-perceived-risk-conceptualisations-and-models	7	0.5976450315910397	2	0.16053991958644456	8	0.0537047673750718	0	0.050976450315910395	1	0.0483917288914417	6	0.04458644457208501	5	0.012708213670304423	9	0.012564618035611718	4	0.011774842044801838	3	0.007107983917288914	
28	doc029Consumers'-perceived-risk-sources-versus-consequences	7	0.3300832342449465	6	0.28513674197384065	2	0.1643281807372176	8	0.10439952437574317	4	0.027586206896551724	9	0.023781212841854936	0	0.019262782401902497	1	0.019024970273483946	5	0.015933412604042806	3	0.010463733650416172	
29	doc030Context-acquisition,-representation-and-employment-in-mobile-service-platforms	3	0.41609756097560974	5	0.26878048780487807	2	0.10048780487804879	4	0.09707317073170732	7	0.05268292682926829	0	0.016585365853658537	9	0.014634146341463415	8	0.013658536585365854	1	0.010731707317073172	6	0.009268292682926829	
30	doc031Convenience-and-TAM-in-a-ubiquitous-computing-environment-The-case-of-wireless-LAN	8	0.3763646288209607	0	0.19077510917030568	7	0.12527292576419213	2	0.09197598253275109	1	0.09088427947598253	9	0.04039301310043668	5	0.024290393013100438	6	0.02074235807860262	3	0.02019650655021834	4	0.01910480349344978	
31	doc032Cost-based-Heterogeneous-Access-Management-in-multi-service,-multi-system-scenarios	5	0.7602204869085898	2	0.10289389067524116	0	0.044097381717960495	4	0.01975195222783647	9	0.017914561322921452	1	0.01423977951309141	7	0.011483693155718878	8	0.010105649977032614	6	0.010105649977032614	3	0.009186954524575103	
32	doc033Creation-of-favorable-user-perceptions-Exploring-the-role-of-intrinsic-motivation	9	0.681131019036954	2	0.1360582306830907	1	0.09000559910414334	0	0.0509518477043673	8	0.018756998880179173	7	0.007698768197088466	3	0.0075587905935050395	6	0.003079507278835386	5	0.0026595744680851063	4	0.0020996640537514	
33	doc034Cyberguide-A-mobile-contextaware-tour-guide	3	0.6116813294232649	2	0.15640273704789834	5	0.14076246334310852	8	0.022238514173998046	0	0.017595307917888565	4	0.01686217008797654	9	0.01270772238514174	6	0.010508308895405669	1	0.006109481915933529	7	0.005131964809384164	
34	doc035Dealing-with-mobility-understanding-access-anytime,-anywhere	3	0.5359179019384265	2	0.2607916598794592	5	0.06792637237335071	4	0.05978172340772113	9	0.02899495031764131	8	0.017755334745072487	7	0.01417168920019547	0	0.005864147255253299	1	0.004886789379377749	6	0.003909431503502199	
35	doc036Dealing-with-Uncertainties-in-Building-Scenarios-for-the-Development-of-Mobile-Services	2	0.587471783295711	4	0.1938487584650113	5	0.07533860045146727	7	0.062076749435665914	8	0.041196388261851014	0	0.013826185101580136	1	0.008182844243792325	3	0.007336343115124154	9	0.006489841986455982	6	0.004232505643340858	
36	doc037Design-of-architecture-for-mobile-payments-system	3	0.9722675367047309	4	0.0065252854812398045	5	0.00367047308319739	9	0.0032626427406199023	7	0.0024469820554649264	6	0.0024469820554649264	2	0.0024469820554649264	1	0.0024469820554649264	0	0.0024469820554649264	8	0.0020391517128874386	
37	doc038Determinants-of-customer-acceptance-of-mobile-payment-systems	4	0.3352112676056338	2	0.2591549295774648	9	0.09436619718309859	8	0.09436619718309859	0	0.04929577464788732	1	0.038028169014084505	6	0.036619718309859155	5	0.03380281690140845	3	0.030985915492957747	7	0.028169014084507043	
38	doc039Determinants-of-perceived-ease-of-use-Integrating-control,-intrinsic-motivation,-and-emotion-into-the-technology-acceptance-model	9	0.6763784097504353	1	0.11004062681369704	2	0.09982588508415555	0	0.07951247823563552	8	0.016018572257690076	6	0.005687753917585607	7	0.0038305281485780615	5	0.0035983749274521182	3	0.002901915264074289	4	0.00220545560069646	
39	doc040Developing-a-contextaware-electronic-tourist-guide-some-issues-and-experiences	3	0.5568340306834031	2	0.18200836820083682	5	0.11541143654114365	4	0.043933054393305436	8	0.030683403068340307	9	0.01813110181311018	0	0.01708507670850767	7	0.014295676429567642	6	0.010808926080892609	1	0.010808926080892609	
40	doc041Developing-and-validating-trust-measures-for-e-commerce-An-integrative-typology	6	0.50795535502256	2	0.18463547850866777	0	0.17145571123248635	9	0.051412966041320354	1	0.044644977440037995	8	0.02481595820470197	3	0.00569935882213251	4	0.003918309190216101	5	0.002849679411066255	7	0.002612206126810734	
41	doc042Development-of-an-instrument-to-measure-the-perceptions-of-adopting-an-information-technology-innovation	0	0.3673290473407364	8	0.3265634132086499	2	0.14450613676212742	9	0.12653419053185272	1	0.015488018702513151	7	0.007451782583284629	5	0.004529514903565166	4	0.003798947983635301	6	0.002483927527761543	3	0.001315020455873758	
42	doc043DRIVING-CONSUMER-ACCEPTANCE-OF-MOBILE-MARKETING-A-THEORETICAL-FRAMEWORK-AND-EMPIRICAL-STUDY	7	0.2512724350388428	8	0.17465845164746852	2	0.15992499330297347	4	0.14760246450575945	1	0.12858290918832038	0	0.05518349852665416	6	0.024377176533619073	5	0.024377176533619073	3	0.01741226895258505	9	0.01660862577015805	
43	doc044Effects-of-consumer-perceived-convenience-on-shopping-intention-in-mobile-commerce-an-empirical-study	7	0.28460816518066634	2	0.18254340685124354	6	0.12529328953542937	8	0.10863444392304082	0	0.10652275926794932	4	0.09197559831065227	5	0.048803378695448145	9	0.021820741435945566	3	0.01618958235570155	1	0.01360863444392304	
44	doc045Effects-of-innovativeness-and-trust-on-web-survey-participation	1	0.26538785834738615	6	0.26349072512647553	8	0.20067453625632378	0	0.11762225969645869	2	0.10223440134907251	9	0.016441821247892074	5	0.01433389544688027	7	0.010961214165261383	3	0.005691399662731872	4	0.0031618887015177066	
45	doc046EQS-6-structural-equations-program-manual	0	0.3974358974358974	9	0.08974358974358974	8	0.0641025641025641	7	0.0641025641025641	6	0.0641025641025641	5	0.0641025641025641	4	0.0641025641025641	3	0.0641025641025641	2	0.0641025641025641	1	0.0641025641025641	
46	doc047ES-QUAL-a-multiple-item-scale-for-assessing-electronic-service-quality	0	0.41182352205974254	6	0.2040994875640545	2	0.1733533308336458	7	0.14010748656417948	9	0.02662167229096363	8	0.013248343957005373	1	0.012123484564429446	3	0.0073740782402199724	5	0.005749281339832521	4	0.0054993125859267595	
47	doc048Evaluating-structural-equation-models-with-unobservable-variables-and-measurement-error	0	0.8631815907953977	2	0.0727863931965983	1	0.022011005502751375	9	0.009254627313656828	6	0.008254127063531767	7	0.007003501750875438	8	0.00575287643821911	5	0.0050025012506253125	4	0.00400200100050025	3	0.002751375687843922	
48	doc049evaluating-wireless-technologies-in-mobile-payments-a-customer-centric-approach	4	0.6261363636363636	5	0.15511363636363637	2	0.09204545454545454	8	0.05397727272727273	9	0.01960227272727273	6	0.017613636363636363	3	0.012215909090909092	7	0.008522727272727272	1	0.007670454545454545	0	0.007102272727272727	
49	doc050Exploring-consumer-adoption-of-mobile-payments–A-qualitative-study	4	0.37609170305676853	8	0.2774745269286754	2	0.19559679767103347	7	0.03948326055312955	6	0.03275109170305677	1	0.021106259097525473	3	0.020014556040756915	5	0.015283842794759825	0	0.011826783114992722	9	0.01037117903930131	
50	doc051Extending-the-technology-acceptance-model-the-influence-of-perceived-user-resources	8	0.3302325581395349	1	0.2186046511627907	2	0.08372093023255814	9	0.07906976744186046	5	0.07906976744186046	4	0.046511627906976744	3	0.046511627906976744	6	0.04186046511627907	7	0.037209302325581395	0	0.037209302325581395	
51	doc052Extending-the-Technology-Acceptance-Model-to-Account-for-Social-Influence-Theoretical-Bases-and-Empirical-Validation	1	0.36491821771009586	9	0.21658206429780033	2	0.1356457980823463	0	0.12408347433728144	8	0.10913705583756345	5	0.026790750141003947	3	0.01071630005640158	6	0.00535815002820079	4	0.004230118443316413	7	0.0025380710659898475	
52	doc053Factors-influencing-the-adoption-of-internet-banking-An-integration-of-TAM-and-TPB-with-perceived-risk-and-perceived-benefit	8	0.26964129483814525	7	0.16447944006999124	1	0.15958005249343832	6	0.14015748031496064	0	0.09133858267716535	2	0.08888888888888889	4	0.0547681539807524	5	0.016097987751531057	9	0.011723534558180227	3	0.0033245844269466315	
53	doc054Factors-influencing-the-usage-of-websites-the-case-of-a-generic-portal-in-The-Netherlands	8	0.42031722054380666	1	0.16049848942598188	2	0.138595166163142	0	0.09592145015105741	9	0.08761329305135952	3	0.032854984894259816	7	0.02756797583081571	6	0.024546827794561934	5	0.0075528700906344415	4	0.004531722054380665	
54	doc055Federation-and-Sharing-in-the-Context-Marketplace	5	0.6332670313276977	3	0.1531576330183988	2	0.0919940328194928	4	0.03232222774738936	6	0.030581800099453008	0	0.030581800099453008	8	0.0104425658876181	7	0.007707608155146694	9	0.005469915464942815	1	0.0044753853804077575	
55	doc056Implementation-in-a-world-of-workstations-and-networks	9	0.3972515180568872	2	0.22275487376158518	1	0.10993927772451262	5	0.09843400447427293	0	0.09268136784915308	8	0.04282518376478108	3	0.011505273250239693	4	0.009907318632150847	7	0.00798977309044423	6	0.006711409395973154	
56	doc057Individual-adjustment-to-information-driven-technologies-A-critical-review	9	0.5310997363114627	2	0.2601209865053513	1	0.07538389948813401	8	0.06359547076159454	0	0.029160850007755545	5	0.01132309601364976	7	0.0105475414921669	3	0.008841321544904607	6	0.006359547076159454	4	0.0035675507988211573	
57	doc058Individual-differences-and-MIS-success-A-review-of-the-empirical-literature	9	0.48516536964980544	2	0.2803988326848249	1	0.060797665369649805	0	0.04644941634241245	5	0.036721789883268484	3	0.032830739299610896	8	0.024075875486381324	7	0.020184824902723737	6	0.010700389105058366	4	0.0026750972762645915	
58	doc059Individual-differences-and-relative-advantage-the-case-of-GSS	8	0.3631799163179916	9	0.2010460251046025	2	0.19623430962343097	0	0.12426778242677824	1	0.0803347280334728	3	0.012133891213389121	6	0.007531380753138075	5	0.006485355648535565	7	0.005648535564853557	4	0.0031380753138075313	
59	doc060Individual-differences-in-virtual-environments—introduction-and-overview	3	0.4474243228890069	2	0.2618162506638343	9	0.13913967073818376	0	0.07408390865639937	1	0.023101433882103027	5	0.021242697822623474	8	0.012214551248008496	7	0.009824747742963356	6	0.006638343069569836	4	0.004514073287307488	
60	doc061Information-technology-acceptance-by-individual-professionals-A-model-comparison-approach	6	0.7142857142857143	8	0.06746031746031746	9	0.031746031746031744	4	0.031746031746031744	1	0.031746031746031744	5	0.027777777777777776	3	0.027777777777777776	7	0.023809523809523808	0	0.023809523809523808	2	0.01984126984126984	
61	doc062Inhibitors-and-facilitators-for-mobile-payment-adoption-in-Australia-A-preliminary-study	4	0.6124845488257108	2	0.17861557478368356	7	0.051297898640296664	8	0.046353522867737945	6	0.03337453646477132	5	0.0315203955500618	0	0.016069221260815822	9	0.011124845488257108	3	0.009888751545117428	1	0.009270704573547589	
62	doc063Innovation-characteristics-and-innovation-adoption-implementation-A-meta-analysis-of-findings	8	0.4857142857142857	0	0.0761904761904762	5	0.06666666666666667	9	0.05714285714285714	3	0.05714285714285714	2	0.05714285714285714	1	0.05714285714285714	7	0.047619047619047616	6	0.047619047619047616	4	0.047619047619047616	
63	doc064Innovativeness-and-variety-of-internet-shopping	6	0.648936170212766	8	0.07446808510638298	2	0.06914893617021277	7	0.03723404255319149	4	0.031914893617021274	1	0.031914893617021274	9	0.026595744680851064	5	0.026595744680851064	3	0.026595744680851064	0	0.026595744680851064	
64	doc065Intentions-to-use-mobile-services-Antecedents-and-cross-service-comparisons	1	0.37089494163424125	7	0.19315175097276266	4	0.12	8	0.0843579766536965	9	0.08311284046692607	0	0.07501945525291828	2	0.049494163424124514	3	0.014163424124513619	6	0.005447470817120622	5	0.004357976653696498	
65	doc066Inter-consortia-battles-in-mobile-payments-standardisation	4	0.563671497584541	2	0.3209661835748792	8	0.030144927536231884	7	0.022995169082125604	5	0.020483091787439612	6	0.01391304347826087	1	0.008502415458937198	9	0.008115942028985508	0	0.007342995169082126	3	0.003864734299516908	
66	doc067Investigating-determinants-of-software-developers'-intentions-to-follow-methodologies	8	0.34721999679538534	9	0.20349302996314694	2	0.17288896010254767	1	0.1429258131709662	0	0.1025476686428457	6	0.01249799711584682	3	0.005447844896651178	7	0.005127383432142285	5	0.0041659990386156065	4	0.0036853068418522673	
67	doc068It's-all-about-attitude-revisiting-the-technology-acceptance-model	1	0.3124448367166814	9	0.24830832597822888	0	0.1838776110620771	8	0.11679905854663136	2	0.11209179170344219	6	0.009414533686378346	3	0.005589879376287144	7	0.00441306266548985	5	0.00441306266548985	4	0.00264783759929391	
68	doc069Likelihood-to-abort-an-online-transaction-influences-from-cognitive-evaluations,-attitudes,-and-behavioral-variables	6	0.44166666666666665	0	0.17083333333333334	2	0.11	1	0.10305555555555555	7	0.09944444444444445	8	0.0375	3	0.015	9	0.011944444444444445	5	0.005277777777777778	4	0.005277777777777778	
69	doc070Literature-derived-reference-models-for-the-adoption-of-online-shopping	6	0.4051168412570508	8	0.2443593875906527	2	0.14585012087026591	7	0.09649476228847703	1	0.04794520547945205	0	0.020749395648670427	9	0.019339242546333603	5	0.010878323932312651	3	0.005237711522965351	4	0.0040290088638195	
70	doc071Migrating-to-internet-based-e-commerce-Factors-affecting-e-commerce-adoption-and-migration-at-the-firm-level	8	0.4370139968895801	2	0.24650077760497668	0	0.12072317262830481	6	0.08087091757387248	9	0.034603421461897356	4	0.02702177293934681	7	0.02332814930015552	5	0.01671850699844479	3	0.008942457231726283	1	0.0042768273716951785	
71	doc072Mobile-banking-services	4	0.6822759315206445	2	0.1878147029204431	7	0.029707955689828803	0	0.020644511581067473	3	0.019637462235649546	6	0.019133937562940583	5	0.01460221550855992	8	0.012588116817724069	1	0.0075528700906344415	9	0.006042296072507553	
72	doc073Mobile-payment-a-journey-through-existing-procedures-and-standardization-initiatives	4	0.7428422308380555	2	0.13383537130927528	5	0.06248135997614077	6	0.023710110348941247	0	0.010065612883984491	3	0.009170891738741426	8	0.006412168207575306	9	0.005070086489710707	7	0.004697286012526096	1	0.0017148821950492097	
73	doc074Mobile-payment-in-mobile-e-commerce	4	0.6944593867670791	5	0.13824636901559978	2	0.0844540075309306	6	0.020441097364174286	8	0.01828940290478752	3	0.015599784830554062	7	0.010220548682087143	1	0.007530930607853685	9	0.006993006993006993	0	0.0037654653039268424	
74	doc075Model-of-adoption-of-technology-in-households-A-baseline-model-test-and-extension-incorporating-household-life-cycle	8	0.4638664231672319	9	0.22214975215236107	2	0.11635794416905818	1	0.09626924080354814	7	0.03495956170101748	0	0.03469866944951735	6	0.012131489694756066	5	0.0090007826767545	4	0.006391860161753196	3	0.004174276024002087	
75	doc076MODELS-OF-MOBILE-PAYMENTS	4	0.6857142857142857	2	0.11792207792207793	5	0.08727272727272728	6	0.03896103896103896	0	0.01818181818181818	7	0.015584415584415584	9	0.012987012987012988	3	0.008311688311688312	1	0.008311688311688312	8	0.006753246753246753	
76	doc077Multiple-regression-in-practice	0	0.34134615384615385	2	0.30288461538461536	1	0.07211538461538461	4	0.057692307692307696	9	0.052884615384615384	7	0.052884615384615384	5	0.04326923076923077	8	0.028846153846153848	6	0.02403846153846154	3	0.02403846153846154	
77	doc078Network-selection-decision-in-wireless-heterogeneous-networks	5	0.7415676959619952	2	0.07458432304038004	4	0.0679334916864608	7	0.03800475059382423	9	0.021852731591448932	3	0.019952494061757718	8	0.015676959619952493	1	0.00855106888361045	6	0.007125890736342043	0	0.004750593824228029	
78	doc079NFC-devices-Security-and-privacy	5	0.6079085278704145	4	0.2205812291567413	2	0.10433539780848022	6	0.014292520247737018	3	0.011434016198189614	9	0.010481181515007145	0	0.009528346831824679	7	0.008099094807050978	8	0.006669842782277275	1	0.006669842782277275	
79	doc080Nomadicity-anytime,-anywhere-in-a-disconnected-world	5	0.47372991749891447	2	0.24793747286148501	3	0.15762049500651323	0	0.0364741641337386	4	0.02822405557967868	8	0.0182370820668693	9	0.016500217108119844	7	0.00911854103343465	6	0.0060790273556231	1	0.0060790273556231	
80	doc081On-Robust-Allocation-Policies-in-Wireless-Heterogeneous-Networks	5	0.7407407407407407	2	0.1599128540305011	4	0.016122004357298474	7	0.014814814814814815	1	0.014814814814814815	0	0.01437908496732026	9	0.013507625272331155	3	0.010021786492374727	6	0.008278867102396514	8	0.007407407407407408	
81	doc082On-the-evaluation-of-structural-equation-models	0	0.26548672566371684	1	0.13274336283185842	2	0.11504424778761062	4	0.08849557522123894	6	0.07964601769911504	5	0.07964601769911504	7	0.07079646017699115	9	0.061946902654867256	8	0.05309734513274336	3	0.05309734513274336	
82	doc083On-the-Web-at-home-Information-seeking-and-Web-searching-in-the-home-environment	3	0.47539015606242496	2	0.3279311724689876	8	0.048619447779111646	9	0.040416166466586634	1	0.03801520608243297	6	0.028411364545818326	5	0.015806322529011603	0	0.014205682272909163	7	0.0078031212484993995	4	0.003401360544217687	
83	doc084Optimism,-vulnerability,-and-self-beliefs-as-health-related-cognitions-A-systematic-overview	1	0.25821596244131456	2	0.24413145539906103	5	0.17370892018779344	9	0.06572769953051644	4	0.06103286384976526	8	0.051643192488262914	7	0.051643192488262914	6	0.03286384976525822	3	0.03286384976525822	0	0.028169014084507043	
84	doc085Past-present-and-future-of-mobile-payments-research-A-literature-review	4	0.4626787354060081	2	0.3528794437885347	8	0.10035419126328217	7	0.02820411911321002	0	0.012724649088285451	6	0.011150465695920242	1	0.009313918404827495	5	0.008920372556736193	9	0.008395644759281123	3	0.00537845992391447	
85	doc086Payments-and-banking-with-mobile-personal-devices	4	0.623029772329247	5	0.14798598949211908	2	0.10945709281961472	6	0.05560420315236427	3	0.01926444833625219	0	0.017075306479859893	9	0.012259194395796848	7	0.008318739054290718	8	0.00394045534150613	1	0.003064798598949212	
86	doc087Perceived-usefulness,-perceived-ease-of-use,-and-user-acceptance-of-information-technology	9	0.384627186253452	0	0.31205891377723227	2	0.16017183185026082	1	0.059834305001534215	8	0.03528689782141761	3	0.01472844430806996	6	0.014575023013194232	5	0.011660018410555384	7	0.00490948143602332	4	0.0021478981282602025	
87	doc088Performance-of-different-mobile-payment-service-concepts-compared-with-a-NFC-based-solution	4	0.6297105406881486	5	0.14145275805570726	2	0.07536865101037685	3	0.045876570180229385	7	0.030584380120152924	6	0.02949208083014746	0	0.024576734025122882	8	0.010376843255051884	9	0.009284543965046422	1	0.0032768978700163844	
88	doc089Practice,-trends-and-challenges-of-mobile-commerce-in-Nigeria	4	0.3626373626373626	2	0.13186813186813187	5	0.0989010989010989	6	0.06593406593406594	3	0.06593406593406594	9	0.054945054945054944	8	0.054945054945054944	7	0.054945054945054944	1	0.054945054945054944	0	0.054945054945054944	
89	doc090Predicting-e-services-adoption-a-perceived-risk-facets-perspective	7	0.3102607390733446	8	0.20634027386981804	0	0.1787657099981242	6	0.0827236916150816	1	0.0686550365785031	2	0.06452823110110674	9	0.05833802288501219	5	0.016132057775276685	4	0.0071281185518664416	3	0.0071281185518664416	
90	doc091Predicting-user-intentions-comparing-the-technology-acceptance-model-with-the-theory-of-planned-behavior	1	0.4118044604640685	9	0.21243523316062177	2	0.16828114440189232	0	0.13426447398062627	3	0.01847262897048885	5	0.01757152511826988	7	0.012390177968010813	8	0.01193962604190133	6	0.009686866411353908	4	0.0031538634827663887	
91	doc092Psychometric-Theory	0	0.5003865481252416	2	0.3710862002319289	9	0.05005798221878624	1	0.027831465017394665	5	0.017974487823734054	8	0.008697332817935832	3	0.00831078469269424	7	0.006378044066486278	6	0.005025125628140704	4	0.004252029377657518	
92	doc093Rational-and-social-theories-as-complementary-explanations-of-communication-media-choices-Two-policy-capturing-studies	9	0.540341578327444	2	0.2916666666666667	0	0.08171378091872791	1	0.036071849234393404	5	0.020170789163722027	8	0.009864546525323911	3	0.0088339222614841	4	0.003975265017667844	6	0.0038280329799764428	7	0.0035335689045936395	
93	doc094Resource-management-for-service-providers-in-heterogeneous-wireless-networks	5	0.7928663515255694	2	0.06102277610657499	4	0.03738719381177482	8	0.027932960893854747	3	0.02750322303394929	7	0.019338203695745595	9	0.009883970777825527	1	0.009024495058014611	0	0.008594757198109154	6	0.006446067898581865	
94	doc095Responsiveness-to-customers-and-competitors-the-role-of-affective-and-cognitive-organizational-systems	7	0.30027932960893855	2	0.29228034535297104	9	0.19540375825292025	0	0.14169629253428137	1	0.03186896901980701	6	0.015997968511934992	5	0.009014728288471306	8	0.008887760284408328	3	0.0030472320975114273	4	0.0015236160487557136	
95	doc096Secure-mobile-payment-model-based-on-wap	4	0.5989684074790458	5	0.22114764667956158	6	0.06511927788523533	2	0.036105738233397806	0	0.025789813023855575	8	0.016118633139909737	9	0.014829142488716958	1	0.009026434558349452	7	0.008381689232753063	3	0.004513217279174726	
96	doc097Secure-mobile-payment-system-in-wireless-environment	4	0.5618247298919568	5	0.2737094837935174	2	0.07262905162064826	3	0.03721488595438175	9	0.012605042016806723	8	0.009603841536614645	7	0.009603841536614645	0	0.00900360144057623	6	0.008403361344537815	1	0.005402160864345739	
97	doc098Security-in-GSM	5	0.5046059365404298	4	0.3285568065506653	2	0.06448311156601842	8	0.02661207778915046	9	0.015353121801432957	6	0.015353121801432957	3	0.014329580348004094	7	0.01023541453428864	1	0.01023541453428864	0	0.01023541453428864	
98	doc099Security-in-near-field-communication-(NFC)	5	0.7857142857142857	2	0.10210930009587728	4	0.04697986577181208	0	0.02348993288590604	9	0.012464046021093002	7	0.008149568552253116	8	0.006711409395973154	3	0.006232023010546501	1	0.004314477468839885	6	0.003835091083413231	
99	doc100Security-Issues-in-Mobile-Payment-from-the-Customer-Viewpoint	4	0.5663366336633663	2	0.262046204620462	0	0.0462046204620462	6	0.03762376237623762	8	0.02277227722772277	9	0.01881188118811881	7	0.015841584158415842	5	0.013201320132013201	1	0.009900990099009901	3	0.007260726072607261	
100	doc101Security-of-a-Mobile-Transaction-A-Trust-Model	4	0.41380289690428856	5	0.3729054245952854	2	0.12496449872195399	6	0.03209315535359273	0	0.01760863391082079	9	0.013916500994035786	3	0.009656347628514627	7	0.005680204487361545	8	0.004828173814257313	1	0.004544163589889236	
101	doc102Self-Efficacy-The-Exercise-of-Control	6	0.3119266055045872	1	0.27522935779816515	9	0.06422018348623854	7	0.05504587155963303	4	0.05504587155963303	2	0.05504587155963303	8	0.045871559633027525	5	0.045871559633027525	3	0.045871559633027525	0	0.045871559633027525	
102	doc103Self-reports-in-organizational-research-Problems-and-prospects	2	0.31092436974789917	9	0.17647058823529413	7	0.08403361344537816	6	0.08403361344537816	8	0.06722689075630252	5	0.058823529411764705	4	0.058823529411764705	3	0.058823529411764705	0	0.058823529411764705	1	0.04201680672268908	
103	doc104Short-range-wireless-technologies-with-mobile-payments-systems	4	0.6503865073787772	5	0.1286015460295151	2	0.1219255094869993	6	0.025298664792691498	0	0.018973998594518624	8	0.016865776528460996	9	0.015108924806746311	3	0.01089248067463106	7	0.008081517919887562	1	0.003865073787772312	
104	doc105Signal-Dragging-Effects-of-Terminal-Movement-on-WarDriving-in-CDMAWCDMA-Networks	5	0.7687913409500902	0	0.07696933253156946	2	0.076668671076368	3	0.022850270595309682	8	0.016235718580877932	1	0.01232711966325917	9	0.010523150932050512	4	0.006013229104028864	6	0.005411906193625977	7	0.004209260372820205	
105	doc106SIMPA-A-SIPBased-Mobile-Payment-Architecture	4	0.6122337520480612	5	0.18951392681594756	2	0.099399235390497	8	0.02785363189513927	6	0.027307482250136537	0	0.013653741125068269	7	0.009830693610049153	9	0.007646095030038231	3	0.006553795740032769	1	0.006007646095030038	
106	doc107Simulation-and-the-Monte-Carlo-method	5	0.5120499007655231	0	0.2330592571590587	2	0.19138077686419053	6	0.01417635384179189	3	0.010774028919761838	7	0.009356393535582649	4	0.009356393535582649	1	0.00793875815140346	9	0.00652112276722427	8	0.005387014459880919	
107	doc108Statistics-for-the-social-sciences	2	0.2231404958677686	0	0.2066115702479339	1	0.1652892561983471	3	0.0743801652892562	9	0.06611570247933884	8	0.06611570247933884	5	0.05785123966942149	4	0.05785123966942149	7	0.04132231404958678	6	0.04132231404958678	
108	doc109Structural-equation-modeling-with-AMOS,-EQS,-and-LISREL-Comparative-approaches-to-testing-for-the-factorial-validity-of-a-measuring-instrument	0	0.5789473684210527	8	0.06766917293233082	9	0.06015037593984962	6	0.045112781954887216	5	0.045112781954887216	4	0.045112781954887216	2	0.045112781954887216	7	0.03759398496240601	3	0.03759398496240601	1	0.03759398496240601	
109	doc110Structural-equations-with-latent-variables	0	0.5163727959697733	2	0.21662468513853905	6	0.04534005037783375	1	0.04030226700251889	5	0.037783375314861464	8	0.036523929471032744	3	0.031486146095717885	7	0.028967254408060455	9	0.02392947103274559	4	0.022670025188916875	
110	doc111The-Active-Badge-Location-System	3	0.4075046904315197	5	0.2604127579737336	2	0.1872420262664165	4	0.03827392120075047	9	0.033395872420262665	0	0.02101313320825516	1	0.017636022514071294	6	0.01575984990619137	7	0.010881801125703566	8	0.007879924953095686	
111	doc112The-diffusion-of-innovations	8	0.3260437375745527	2	0.24254473161033796	0	0.10934393638170974	7	0.09940357852882704	5	0.04970178926441352	9	0.04771371769383698	4	0.039761431411530816	1	0.03578528827037773	3	0.02982107355864811	6	0.019880715705765408	
112	doc113The-economics-of-mobile-payments-Understanding-stakeholder-issues-for-an-emerging-financial-technology-application	4	0.5484496124031008	2	0.28318798449612403	8	0.060077519379844964	7	0.030846253229974162	6	0.028343023255813952	5	0.02018733850129199	0	0.01187015503875969	9	0.0075096899224806205	3	0.005652454780361757	1	0.003875968992248062	
113	doc114The-effect-of-innovativeness-on-the-adoption-of-B2C-e-commerce-A-model-based-on-the-Theory-of-Planned-Behaviour	8	0.41172051089406464	1	0.22764838467317805	2	0.11194590533433509	6	0.09184823441021787	0	0.08846731780616078	7	0.03944402704733283	9	0.01728024042073629	3	0.004507888805409466	4	0.0039444027047332835	5	0.0031930879038317055	
114	doc115The-Legacy-of-the-Technology-Acceptance-Model-and-a-Proposal-for-a-Paradigm-Shift	1	0.464839094159714	2	0.2987683750496623	9	0.08661104489471594	8	0.04429876837504966	7	0.03913388955105284	0	0.02026221692491061	5	0.018275725069527213	3	0.012117600317838697	4	0.009733810091378626	6	0.0059594755661501785	
115	doc116The-moderator–mediator-variable-distinction-in-social-psychological-research-Conceptual,-strategic,-and-statistical-considerations	0	0.4241960183767228	1	0.2679938744257274	2	0.21833296871581712	9	0.048567053161233865	7	0.012907460074381974	5	0.011594837015970248	8	0.0059068037628527675	6	0.004594180704441042	3	0.003281557646029315	4	0.0026252461168234523	
116	doc117The-role-of-moderating-factors-in-user-technology-acceptance	9	0.3425	8	0.3266176470588235	2	0.1538235294117647	1	0.12455882352941176	0	0.016176470588235296	6	0.013529411764705882	5	0.010147058823529412	7	0.0072058823529411765	4	0.0029411764705882353	3	0.0025	
117	doc118The-theory-of-planned-behavior	1	0.6821260306242638	2	0.14561248527679624	0	0.1074793875147232	9	0.02841578327444052	8	0.009864546525323911	5	0.0089811542991755	7	0.005742049469964664	6	0.005153121319199058	3	0.005005889281507656	4	0.0016195524146054182	
118	doc119The-theory-of-reasoned-action-A-meta-analysis-of-past-research-with-recommendations-for-modifications-and-future-research	1	0.6780886092892517	2	0.13037076696560032	0	0.08713692946058091	7	0.04189532860393522	9	0.04015526703252577	6	0.006157140944987284	8	0.004818632043903092	5	0.004684781153794673	3	0.003613974032927319	4	0.003078570472493642	
119	doc120Time-flies-when-you're-having-fun-Cognitive-absorption-and-beliefs-about-information-technology-usage	9	0.4902562528770907	0	0.1385606874328679	1	0.13625901488414915	2	0.12045419671628049	8	0.0560073653521559	6	0.030842412152831056	3	0.01273592143624367	5	0.007058462482737456	7	0.006751572809574957	4	0.0010741138560687433	
120	doc121Total,-direct,-and-indirect-effects-in-structural-equation-models	0	0.8862946532804109	2	0.06770954938127481	9	0.014475834695307027	5	0.009339248190520663	1	0.007471398552416531	8	0.0037356992762082653	6	0.0035022180714452487	7	0.0025682932523931824	4	0.0025682932523931824	3	0.0023348120476301658	
121	doc122Toward-an-understanding-of-the-behavioral-intention-to-use-mobile-banking	8	0.37152087475149104	1	0.2432902584493042	9	0.14463220675944333	4	0.08225646123260437	0	0.07007952286282307	6	0.03876739562624255	2	0.03205765407554672	7	0.006958250497017893	5	0.0054671968190854875	3	0.004970178926441352	
122	doc123Towards-a-Context-Management-Framework-for-MobiLife	3	0.37460716530483973	5	0.30295411690760526	2	0.18416090509113764	7	0.041483343808925204	4	0.023255813953488372	0	0.02011313639220616	9	0.01697045883092395	8	0.01508485229415462	1	0.013827781269641735	6	0.00754242614707731	
123	doc124Towards-a-holistic-analysis-of-mobile-payments-A-multiple-perspectives-approach	4	0.6596620450606586	2	0.19475736568457538	5	0.03856152512998267	0	0.028162911611785094	8	0.02274696707105719	7	0.019280762564991335	6	0.01733102253032929	9	0.010831889081455806	1	0.004766031195840554	3	0.00389948006932409	
124	doc125Towards-location-based-QoS-aware-network-selection-mechanism-for-the-nomadic-mobile-services	5	0.7557291666666667	2	0.06302083333333333	3	0.05677083333333333	4	0.05364583333333333	7	0.019791666666666666	0	0.016145833333333335	6	0.010416666666666666	8	0.008854166666666666	1	0.008333333333333333	9	0.007291666666666667	
125	doc126Trust-and-TAM-in-online-shopping-an-integrated-model	6	0.5612992671816202	2	0.14596949891067537	9	0.12844127550009904	0	0.08397702515349574	1	0.044563279857397504	8	0.01643889879183997	7	0.008120419885125768	5	0.006634977223212517	3	0.002475737769855417	4	0.0020796197266785502	
126	doc127Understanding-attitudes-and-predicting-social-behavior	1	0.4	2	0.12	5	0.088	4	0.072	9	0.064	7	0.056	3	0.056	8	0.048	6	0.048	0	0.048	
127	doc128Understanding-changes-in-consumer-payment-habits-do-mobile-payments-and-electronic-invoices-attract-consumers	8	0.326463010673537	4	0.3006993006993007	2	0.14390872285609127	1	0.12624217887375783	6	0.03754140596245859	0	0.026499815973500183	9	0.011409642988590356	7	0.01104158998895841	5	0.010673536989326464	3	0.005520794994479205	
128	doc129Understanding-information-systems-continuance-an-expectation-confirmation-model	9	0.43927053824362605	0	0.16625354107648727	1	0.09808781869688385	2	0.09472379603399433	6	0.07206090651558074	7	0.06214589235127479	8	0.04762747875354108	4	0.009915014164305949	5	0.006728045325779037	3	0.003186968838526912	
129	doc130Understanding-information-technology-usage-A-test-of-competing-models	1	0.403995848469123	9	0.20692786715101194	0	0.17228853139595227	8	0.09574468085106383	2	0.09146341463414634	7	0.012973533990659055	4	0.005448884276076803	5	0.0041515308770108976	3	0.0038920601971977166	6	0.0031136481577581734	
130	doc131Understanding-m-commerce-payment-systems-through-the-analytic-hierarchy-process	4	0.4404614750721055	2	0.22290894107952205	5	0.09353110836423568	0	0.08941079522043675	6	0.043675319324268644	8	0.03749484960857025	1	0.03749484960857025	9	0.01442109600329625	7	0.01442109600329625	3	0.006180469715698393	
131	doc132Understanding-purchasing-behaviors-in-a-virtual-economy-Consumer-behavior-involving-virtual-currency-in-Web-2.0-communities	1	0.2577777777777778	6	0.14666666666666667	4	0.13333333333333333	3	0.1288888888888889	7	0.12	8	0.06666666666666667	2	0.04	0	0.04	9	0.035555555555555556	5	0.03111111111111111	
132	doc133Understanding-service-convenience	7	0.6331248603975876	2	0.14719678356041993	9	0.09258431985704713	0	0.03484476211748939	1	0.02445834264016082	6	0.017310699128880946	3	0.017310699128880946	8	0.013848559303104758	5	0.013736877373241009	4	0.005584096493187403	
133	doc134Understanding-the-Role-of-Individual-Innovativeness-in-the-Acceptance-of-IT‐Based-Innovations-Comparative-Analyses-of-Models-and-Measures	6	0.7857142857142857	8	0.06613756613756613	9	0.031746031746031744	1	0.021164021164021163	4	0.018518518518518517	2	0.018518518518518517	5	0.015873015873015872	0	0.015873015873015872	7	0.013227513227513227	3	0.013227513227513227	
134	doc135User-acceptance-of-computer-technology-a-comparison-of-two-theoretical-models	9	0.3861847389558233	1	0.3232128514056225	0	0.13959839357429718	2	0.10746987951807228	5	0.012369477911646587	3	0.010441767068273093	8	0.0078714859437751	7	0.006265060240963855	6	0.004016064257028112	4	0.002570281124497992	
135	doc136User-acceptance-of-information-technology-Toward-a-unified-view	9	0.5922723588219401	1	0.1691434747365577	0	0.101954426731514	2	0.06854003422498424	8	0.05349905430964604	5	0.004143024407817707	6	0.0036026299198414842	7	0.002431775195893002	3	0.002251643699900928	4	0.0021615779519048904	
136	doc137User-acceptance-of-mobile-Internet-Implication-for-convergence-technologies	8	0.2777777777777778	4	0.14444444444444443	9	0.13333333333333333	0	0.12777777777777777	7	0.06666666666666667	3	0.06111111111111111	2	0.06111111111111111	5	0.05	1	0.05	6	0.027777777777777776	
137	doc138User-acceptance-testing-of-mobile-payment-in-various-scenarios	4	0.5335420393559929	5	0.1677101967799642	2	0.0885509838998211	3	0.048747763864042934	8	0.04740608228980322	6	0.0389087656529517	7	0.026833631484794274	0	0.022808586762075134	9	0.02101967799642218	1	0.004472271914132379	
138	doc139Using-UTAUT-to-explore-the-behavior-of-3G-mobile-communication-users	4	0.21812893843916625	1	0.17838099854580708	9	0.15996122152205525	2	0.14638875424139602	8	0.09161415414444983	0	0.07464857004362578	5	0.057682985942801746	7	0.055259331071255455	3	0.0116335433834222	6	0.006301502666020358	
139	doc140Why-don't-men-ever-stop-to-ask-for-directions-Gender,-social-influence,-and-their-role-in-technology-acceptance-and-usage-behavior	9	0.6486095017381228	1	0.14411935110081112	2	0.08734067207415991	0	0.07372537659327925	8	0.025782155272305908	7	0.007821552723059096	5	0.003910776361529548	3	0.0036210892236384707	6	0.003186558516801854	4	0.0018829663962920047	
