#doc name topic proportion ...
0	doc1	0	0.7895622895622896	2	0.082010582010582	8	0.037758537758537755	12	0.015632515632515633	10	0.011784511784511785	19	0.01034151034151034	17	0.007936507936507936	18	0.005531505531505531	5	0.00456950456950457	4	0.00456950456950457	13	0.004088504088504088	16	0.0036075036075036075	14	0.0036075036075036075	6	0.0036075036075036075	3	0.0036075036075036075	15	0.0031265031265031266	9	0.0031265031265031266	11	0.0021645021645021645	1	0.0021645021645021645	7	0.0012025012025012026	
1	doc2	6	0.4475504322766571	17	0.2164265129682997	2	0.13631123919308358	8	0.06253602305475504	5	0.030835734870317003	10	0.018155619596541786	19	0.014121037463976945	13	0.013544668587896254	0	0.008933717579250721	12	0.0077809798270893375	16	0.007204610951008645	9	0.007204610951008645	7	0.007204610951008645	15	0.006051873198847263	4	0.004322766570605188	14	0.0037463976945244955	1	0.0025936599423631124	11	0.0020172910662824206	3	0.0020172910662824206	18	0.001440922190201729	
2	doc3	17	0.43975018368846436	2	0.17523879500367376	12	0.0988243938280676	0	0.0944158706833211	8	0.061351947097722265	10	0.03416605437178545	6	0.019470977222630418	18	0.017266715650257163	16	0.0106539309331374	7	0.008449669360764144	13	0.007714915503306392	15	0.006245407788390889	11	0.004775900073475386	9	0.004775900073475386	1	0.004775900073475386	4	0.004041146216017634	5	0.002571638501102131	19	0.0018368846436443791	14	0.0018368846436443791	3	0.0018368846436443791	
3	doc4	17	0.5730191610564475	8	0.17529777317452097	19	0.04531330916623511	2	0.04220611082340756	6	0.0354738477472812	13	0.024598653547384774	5	0.017866390471258417	15	0.012169860176074573	10	0.012169860176074573	12	0.009580528223718281	16	0.008026929052304505	7	0.0075090626618332474	0	0.006991196271361988	11	0.005955463490419472	9	0.0054375970999482135	18	0.004919730709476955	14	0.004401864319005696	4	0.0033661315380631796	3	0.0033661315380631796	1	0.002330398757120663	
4	doc5	6	0.6809016549362754	2	0.12050599201065246	8	0.07333079703252805	19	0.041183184325661024	7	0.014742248430663877	0	0.011128019783146282	13	0.009225794179189652	9	0.009225794179189652	5	0.008084458816815675	3	0.006562678333650371	17	0.006372455773254708	4	0.00389956248811109	15	0.003328894806924101	12	0.0025680045653414495	18	0.0023777820049457866	16	0.0023777820049457866	14	0.0012364466425718091	10	0.0012364466425718091	1	0.001046224082176146	11	6.657789613848203E-4	
5	doc6	12	0.7088707140610255	2	0.10805284680717207	8	0.05080213903743316	0	0.03570305127398553	17	0.02154765649575338	4	0.01085246932997798	5	0.00833595470273671	6	0.007392261717521233	10	0.006448568732305757	15	0.005819440075495438	16	0.00550487574709028	18	0.005190311418685121	19	0.004875747090279962	14	0.004561182761874803	13	0.003617489776659327	9	0.0029883611198490093	7	0.00267379679144385	3	0.00267379679144385	11	0.0023592324630386913	1	0.0017301038062283738	
6	doc7	17	0.46629213483146065	8	0.14759959141981613	2	0.07609805924412666	6	0.06894790602655772	16	0.04341164453524004	10	0.03830439223697651	13	0.026046986721144024	3	0.016853932584269662	0	0.015832482124616958	15	0.013789581205311542	14	0.013789581205311542	5	0.013789581205311542	7	0.009703779366700716	4	0.009703779366700716	9	0.008682328907048007	1	0.008682328907048007	18	0.007660878447395302	12	0.007660878447395302	11	0.004596527068437181	19	0.002553626149131767	
7	doc8	19	0.705550918196995	2	0.10747078464106845	8	0.03777128547579299	17	0.029841402337228713	6	0.016068447412353925	16	0.01523372287145242	5	0.01523372287145242	0	0.010642737896494158	18	0.009808013355592655	12	0.009808013355592655	3	0.008555926544240401	13	0.006886477462437396	15	0.006469115191986645	7	0.004382303839732888	4	0.0035475792988313858	10	0.0031302170283806345	9	0.0031302170283806345	1	0.002712854757929883	11	0.002295492487479132	14	0.0014607679465776294	
8	doc9	0	0.5319201995012469	8	0.16184538653366584	12	0.09401496259351622	2	0.08503740648379052	17	0.030673316708229426	4	0.01970074812967581	5	0.014713216957605985	16	0.00972568578553616	6	0.008728179551122194	3	0.006733167082294264	19	0.006234413965087282	13	0.005735660847880299	14	0.004738154613466334	9	0.004738154613466334	7	0.004239401496259352	15	0.003740648379052369	11	0.0022443890274314216	10	0.0022443890274314216	1	0.001745635910224439	18	0.0012468827930174563	
9	doc10	17	0.34595798854232973	8	0.16008911521323999	0	0.11489497135582431	16	0.08561425843411839	2	0.06651814131126671	10	0.06588160407383832	6	0.04169318905155952	12	0.03150859325270528	14	0.014322087842138766	15	0.013049013367281986	13	0.011139401654996817	7	0.010502864417568428	5	0.010502864417568428	19	0.0054105665181413114	3	0.0054105665181413114	11	0.004774029280712922	4	0.004774029280712922	9	0.003500954805856143	1	0.002864417568427753	18	0.001591343093570974	
10	doc11	10	0.5470235117558779	8	0.14382191095547775	2	0.13731865932966483	17	0.018759379689844924	16	0.01825912956478239	0	0.01825912956478239	5	0.01775887943971986	13	0.015757878939469734	3	0.012756378189094548	19	0.009254627313656828	14	0.008254127063531767	6	0.008254127063531767	12	0.006753376688344172	7	0.006753376688344172	11	0.00625312656328164	4	0.00575287643821911	1	0.00575287643821911	15	0.005252626313156579	9	0.004252126063031516	18	0.0037518759379689846	
11	doc12	2	0.39903225806451614	10	0.32161290322580643	8	0.06290322580645161	13	0.03774193548387097	16	0.026774193548387098	12	0.026774193548387098	3	0.02032258064516129	17	0.014516129032258065	0	0.013225806451612903	14	0.012580645161290323	15	0.01	4	0.01	11	0.008064516129032258	6	0.0067741935483870966	19	0.006129032258064516	7	0.006129032258064516	5	0.005483870967741935	9	0.004838709677419355	18	0.004193548387096774	1	0.002903225806451613	
12	doc13	7	0.6675542406311638	8	0.09891518737672583	2	0.07071005917159763	10	0.04763313609467456	6	0.03007889546351085	16	0.015680473372781067	4	0.0121301775147929	13	0.009960552268244575	9	0.008185404339250493	0	0.00621301775147929	17	0.005621301775147929	5	0.005621301775147929	18	0.005226824457593688	3	0.004437869822485207	19	0.0036489151873767257	15	0.002465483234714004	14	0.0022682445759368837	12	0.0014792899408284023	1	0.001282051282051282	11	8.875739644970414E-4	
13	doc14	10	0.6356695379796398	2	0.1736491777603759	8	0.058144087705559906	13	0.019772905246671888	16	0.01898981989036805	3	0.017423649177760375	0	0.015465935787000782	7	0.00802662490211433	12	0.007635082223962412	14	0.006460454189506656	11	0.006460454189506656	19	0.004894283476898982	15	0.004111198120595145	4	0.004111198120595145	17	0.0037196554424432263	5	0.0037196554424432263	18	0.0033281127642913076	6	0.0033281127642913076	1	0.0029365700861393894	9	0.002153484729835552	
14	doc15	2	0.7052302444570779	10	0.13899943149516772	8	0.03496304718590108	0	0.027572484366117114	16	0.013928368391131325	13	0.010517339397384877	4	0.009380329732802728	3	0.006537805571347356	1	0.006537805571347356	15	0.005400795906765207	7	0.005400795906765207	19	0.004832291074474133	14	0.004832291074474133	12	0.004832291074474133	18	0.004263786242183059	9	0.004263786242183059	11	0.003695281409891984	6	0.003695281409891984	5	0.0031267765776009098	17	0.001989766913018761	
15	doc16	10	0.46719932716568546	2	0.1770395290159798	8	0.11480235492010092	16	0.06602186711522287	3	0.01892346509671993	13	0.017241379310344827	17	0.016400336417157275	11	0.016400336417157275	9	0.015559293523969722	12	0.01471825063078217	0	0.01471825063078217	5	0.013036164844407064	6	0.010513036164844407	14	0.008830950378469302	19	0.006307821698906644	18	0.0054667788057190915	15	0.0054667788057190915	7	0.0054667788057190915	4	0.002943650126156434	1	0.002943650126156434	
16	doc17	8	0.5094397076735688	10	0.20371498172959804	2	0.044762484774665046	17	0.03197320341047503	16	0.025883069427527404	7	0.025883069427527404	0	0.025274056029232644	13	0.02405602923264312	5	0.022228989037758832	6	0.018574908647990256	19	0.01674786845310597	4	0.010657734470158343	3	0.008830694275274055	14	0.008221680876979293	15	0.0051766138855054815	12	0.004567600487210719	9	0.004567600487210719	1	0.004567600487210719	18	0.0027405602923264312	11	0.002131546894031669	
17	doc18	10	0.43163804491413477	8	0.3609643328929987	2	0.0452443857331572	16	0.03269484808454425	19	0.020145310435931308	12	0.014861294583883751	17	0.012219286657859974	13	0.012219286657859974	6	0.011558784676354029	7	0.009577278731836196	4	0.008256274768824307	14	0.006935270805812417	5	0.006935270805812417	0	0.004953764861294584	18	0.0042932628797886395	15	0.0042932628797886395	9	0.003632760898282695	3	0.003632760898282695	1	0.003632760898282695	11	0.002311756935270806	
18	doc19	10	0.6422944362383063	2	0.14451009354997538	8	0.04849827671097981	16	0.03766617429837518	13	0.026834071885770555	4	0.01846381093057607	3	0.009601181683899557	11	0.009108813392417528	9	0.009108813392417528	17	0.0086164451009355	12	0.0086164451009355	7	0.007139340226489414	19	0.005662235352043328	18	0.0051698670605613	14	0.004185130477597243	15	0.003200393894633186	5	0.003200393894633186	0	0.003200393894633186	1	0.0027080256031511572	6	0.0022156573116691287	
19	doc20	10	0.48649789029535867	8	0.22489451476793249	16	0.056118143459915615	5	0.03333333333333333	2	0.02911392405063291	19	0.026582278481012658	17	0.024050632911392405	13	0.022362869198312235	15	0.016455696202531647	6	0.014767932489451477	4	0.013924050632911392	12	0.009704641350210971	7	0.009704641350210971	1	0.008016877637130802	14	0.005485232067510549	3	0.004641350210970464	18	0.0037974683544303796	11	0.0037974683544303796	0	0.0037974683544303796	9	0.002953586497890295	
20	doc21	17	0.414257555847569	5	0.22831800262812088	2	0.10413929040735874	8	0.08968462549277267	6	0.027923784494086726	12	0.026609724047306178	19	0.01741130091984231	13	0.016754270696452037	15	0.010840998685939553	16	0.010183968462549276	10	0.010183968462549276	0	0.009526938239159002	1	0.0075558475689881735	18	0.00492772667542707	4	0.00492772667542707	14	0.0042706964520367935	9	0.0042706964520367935	3	0.0036136662286465177	7	0.002956636005256242	11	0.0016425755584756898	
21	doc22	5	0.6351304945054945	8	0.09083104395604395	2	0.054429945054945056	16	0.03245192307692308	13	0.03176510989010989	1	0.026270604395604396	3	0.013221153846153846	0	0.013221153846153846	11	0.012877747252747252	7	0.01253434065934066	12	0.01150412087912088	15	0.010817307692307692	17	0.010473901098901098	4	0.009100274725274726	9	0.008756868131868132	19	0.006353021978021978	14	0.005322802197802198	18	0.004979395604395604	10	0.004979395604395604	6	0.004979395604395604	
22	doc23	4	0.7197872340425532	2	0.07936170212765957	8	0.05595744680851064	13	0.03212765957446809	1	0.013404255319148937	5	0.012127659574468085	16	0.010851063829787235	3	0.010851063829787235	15	0.010425531914893617	9	0.008297872340425531	12	0.007872340425531916	10	0.007446808510638298	7	0.00574468085106383	19	0.005319148936170213	0	0.005319148936170213	14	0.004042553191489362	18	0.0031914893617021275	17	0.0031914893617021275	6	0.0031914893617021275	11	0.0014893617021276596	
23	doc24	8	0.505350454788657	5	0.18057784911717495	2	0.054307116104868915	4	0.048956661316211875	17	0.03130016051364366	14	0.028624933119315143	19	0.020599250936329586	6	0.019529159978598182	12	0.014713750668806848	10	0.014713750668806848	13	0.013108614232209739	16	0.012038523274478331	15	0.010968432316746924	3	0.009898341359015517	7	0.008293204922418406	0	0.007758159443552702	1	0.006153023006955591	9	0.0056179775280898875	18	0.005082932049224184	11	0.002407704654895666	
24	doc25	5	0.47661042944785276	8	0.21664110429447853	17	0.07476993865030675	2	0.04486196319018405	16	0.03642638036809816	6	0.021855828220858894	19	0.021088957055214724	4	0.01495398773006135	14	0.014187116564417178	12	0.013420245398773007	1	0.01111963190184049	10	0.010352760736196318	7	0.008052147239263804	3	0.0072852760736196315	15	0.00651840490797546	18	0.005751533742331288	13	0.005751533742331288	11	0.004217791411042945	0	0.003450920245398773	9	0.0026840490797546013	
25	doc26	1	0.4978409499820079	8	0.15239294710327456	2	0.06854983807124865	16	0.06387189636559913	19	0.035084562792371356	5	0.02644836272040302	15	0.02428931270241094	6	0.02428931270241094	17	0.01745232097876934	12	0.01745232097876934	7	0.014213745951781216	13	0.012774379273119828	18	0.012054695933789134	14	0.01097517092479309	9	0.006657070888808924	10	0.004857862540482188	4	0.0041381792011514935	3	0.003418495861820799	11	0.0016192875134940627	0	0.0016192875134940627	
26	doc27	18	0.4966566093125663	15	0.31480877436190163	1	0.03510560221805431	11	0.02907118975780804	14	0.023933784555165948	9	0.01830710266655794	2	0.013088151349588193	16	0.012517328549294627	13	0.010070945119465057	5	0.009581668433499144	3	0.006727554432031314	6	0.005912093288754791	4	0.004607355459512354	12	0.004362717116529398	19	0.0037918943162358314	8	0.003710348201908179	0	0.002650248715648699	10	0.0019163336866998288	17	0.001671695343716872	7	0.0015086031150615673	
27	doc28	18	0.3662814835316911	15	0.27743564904511486	11	0.21211597010794353	1	0.02757403819540548	14	0.021415721007473014	13	0.013043177414890672	9	0.012766399114309438	2	0.012282037088292277	5	0.011866869637420426	8	0.00916828120675339	3	0.006954054802103515	16	0.00570855244948796	12	0.005570163299197343	4	0.0045322446720177136	6	0.004117077221145862	19	0.0036327151951287017	17	0.0025256019928037643	10	0.0012109050650429007	7	0.0010033213396069749	0	7.95737614171049E-4	
28	doc29	14	0.641396933560477	2	0.08489494605337876	8	0.06899488926746167	5	0.06842703009653606	19	0.02015900056785917	4	0.017319704713231118	10	0.012208972174900625	7	0.012208972174900625	3	0.011641113003975015	1	0.009369676320272573	15	0.008801817149346962	16	0.008233957978421351	12	0.007666098807495741	18	0.005394662123793299	17	0.005394662123793299	13	0.004258943781942078	9	0.004258943781942078	11	0.0036910846110164677	0	0.0031232254400908573	6	0.002555366269165247	
29	doc30	1	0.6590128755364807	2	0.13197424892703863	9	0.03927038626609442	8	0.03626609442060086	5	0.022532188841201718	13	0.021244635193133046	15	0.01351931330472103	11	0.013090128755364807	3	0.011802575107296138	12	0.008798283261802575	6	0.0075107296137339056	18	0.006652360515021459	14	0.006652360515021459	4	0.00536480686695279	19	0.004506437768240343	16	0.00407725321888412	7	0.0023605150214592273	0	0.0023605150214592273	17	0.0019313304721030042	10	0.001072961373390558	
30	doc31	3	0.7436147836538461	2	0.10884915865384616	8	0.03267728365384615	13	0.023662860576923076	12	0.018404447115384616	4	0.011493389423076924	16	0.009990985576923076	9	0.009540264423076924	5	0.006385216346153846	0	0.005934495192307692	7	0.005033052884615385	1	0.0048828125	10	0.004432091346153846	14	0.003981370192307692	15	0.003680889423076923	19	0.002478966346153846	18	0.0018780048076923077	11	0.0012770432692307692	17	0.0011268028846153845	6	6.760817307692308E-4	
31	doc32	16	0.5744997871434653	13	0.10195828011919966	2	0.0815240527884206	8	0.05598126862494678	10	0.029587058322690506	12	0.028309919114516816	0	0.02490421455938697	5	0.015964240102171137	3	0.015538527032779907	7	0.013835674755214985	9	0.012558535547041293	18	0.00744997871434653	6	0.00744997871434653	1	0.005747126436781609	14	0.005321413367390379	19	0.004895700297999148	17	0.004895700297999148	11	0.004044274159216688	15	0.002767134951042997	4	0.002767134951042997	
32	doc33	16	0.5553633217993079	2	0.12053056516724336	1	0.04786620530565167	19	0.040945790080738176	12	0.030565167243367934	9	0.030565167243367934	8	0.030565167243367934	3	0.02710495963091119	4	0.016724336793540944	15	0.015570934256055362	14	0.010957324106113034	10	0.010957324106113034	7	0.010957324106113034	6	0.010957324106113034	0	0.010957324106113034	13	0.00980392156862745	18	0.005190311418685121	17	0.005190311418685121	5	0.005190311418685121	11	0.004036908881199538	
33	doc34	7	0.672361997746902	2	0.15715358618099887	13	0.04600075103266992	8	0.020841156590311678	12	0.014457378895981976	9	0.012204280886218551	17	0.011077731881336839	4	0.009575666541494556	16	0.008073601201652273	1	0.008073601201652273	15	0.007698084866691701	0	0.007698084866691701	3	0.006571535861809989	18	0.003942921517085993	11	0.0031918888471648517	6	0.002816372512204281	5	0.00244085617724371	19	0.0020653398422831393	14	0.0020653398422831393	10	0.0016898235073225685	
34	doc35	9	0.6723744292237442	2	0.13767123287671232	8	0.03493150684931507	16	0.021232876712328767	3	0.019406392694063926	6	0.015296803652968037	1	0.015296803652968037	4	0.011187214611872146	12	0.010730593607305937	0	0.009360730593607305	14	0.007990867579908675	17	0.007534246575342466	18	0.007077625570776256	7	0.006621004566210046	10	0.0061643835616438354	19	0.005251141552511416	15	0.003424657534246575	13	0.003424657534246575	5	0.0029680365296803654	11	0.002054794520547945	
35	doc36	9	0.5061855670103093	2	0.1618556701030928	8	0.08969072164948454	16	0.056013745704467356	5	0.055326460481099654	6	0.018213058419243987	12	0.01752577319587629	14	0.014089347079037801	13	0.013402061855670102	4	0.013402061855670102	19	0.009278350515463918	3	0.007903780068728522	1	0.007903780068728522	18	0.007216494845360825	15	0.00584192439862543	11	0.00584192439862543	10	0.005154639175257732	17	0.001718213058419244	7	0.001718213058419244	0	0.001718213058419244	
36	doc37	9	0.5228904847396768	2	0.1099640933572711	14	0.0677737881508079	8	0.059694793536804305	4	0.043536804308797125	16	0.042639138240574505	3	0.018402154398563735	1	0.01660682226211849	13	0.01570915619389587	6	0.01570915619389587	17	0.013913824057450628	0	0.013913824057450628	18	0.013016157989228007	12	0.011220825852782765	7	0.009425493716337522	10	0.00763016157989228	19	0.0058348294434470375	15	0.004937163375224416	5	0.004039497307001795	11	0.0031418312387791743	
37	doc38	16	0.5095877277085331	9	0.19702780441035475	2	0.10977948226270375	13	0.03211888782358581	4	0.016778523489932886	10	0.014860977948226271	12	0.013902205177372963	0	0.013902205177372963	19	0.012943432406519654	17	0.01102588686481304	14	0.01102588686481304	8	0.01102588686481304	15	0.008149568552253116	5	0.008149568552253116	18	0.007190795781399808	6	0.007190795781399808	1	0.0052732502396931925	3	0.004314477468839885	11	0.003355704697986577	7	0.0023969319271332696	
38	doc39	17	0.3949530516431925	16	0.18485915492957747	2	0.10269953051643192	8	0.07453051643192488	4	0.0733568075117371	6	0.02640845070422535	13	0.02171361502347418	19	0.01936619718309859	12	0.01584507042253521	9	0.013497652582159625	3	0.013497652582159625	15	0.009976525821596244	1	0.008802816901408451	5	0.007629107981220657	0	0.007629107981220657	7	0.006455399061032864	14	0.00528169014084507	11	0.00528169014084507	18	0.004107981220657277	10	0.004107981220657277	
39	doc40	13	0.6395417156286721	2	0.1401292596944771	16	0.05023501762632197	8	0.03554641598119859	15	0.018507638072855465	12	0.015569917743830788	19	0.013807285546415981	6	0.011457109283196239	7	0.009694477085781434	1	0.009694477085781434	5	0.009106933019976499	4	0.009106933019976499	3	0.007344300822561692	14	0.006756756756756757	9	0.00499412455934195	18	0.004406580493537015	11	0.004406580493537015	17	0.0032314923619271444	10	0.0032314923619271444	0	0.0032314923619271444	
